  1	 0.000191	 0.000110	 0.000063	 0.000142	 0.000089	 0.000039	 0.000059	 0.000181	 0.000244
  2	 0.000784	 0.000449	 0.000259	 0.000583	 0.000363	 0.000162	 0.000243	 0.000744	 0.001000
  3	 0.001823	 0.001044	 0.000602	 0.001356	 0.000844	 0.000376	 0.000564	 0.001729	 0.002323
  4	 0.003364	 0.001927	 0.001112	 0.002502	 0.001557	 0.000693	 0.001040	 0.003191	 0.004288
  5	 0.005478	 0.003138	 0.001810	 0.004074	 0.002536	 0.001129	 0.001694	 0.005195	 0.006981
  6	 0.008246	 0.004724	 0.002726	 0.006134	 0.003818	 0.001699	 0.002550	 0.007821	 0.010511
  7	 0.011767	 0.006741	 0.003890	 0.008752	 0.005448	 0.002425	 0.003639	 0.011161	 0.014998
  8	 0.016153	 0.009254	 0.005339	 0.012014	 0.007479	 0.003329	 0.004996	 0.015321	 0.020588
  9	 0.021534	 0.012336	 0.007118	 0.016016	 0.009970	 0.004438	 0.006660	 0.020424	 0.027446
 10	 0.028059	 0.016074	 0.009275	 0.020870	 0.012991	 0.005783	 0.008678	 0.026614	 0.035764
 11	 0.035903	 0.020568	 0.011867	 0.026704	 0.016623	 0.007399	 0.011104	 0.034053	 0.045761
 12	 0.045264	 0.025930	 0.014961	 0.033666	 0.020957	 0.009328	 0.013999	 0.042932	 0.057692
 13	 0.056370	 0.032293	 0.018633	 0.041927	 0.026099	 0.011617	 0.017434	 0.053467	 0.071848
 14	 0.069487	 0.039806	 0.022968	 0.051683	 0.032172	 0.014320	 0.021490	 0.065908	 0.088566
 15	 0.084916	 0.048645	 0.028068	 0.063159	 0.039316	 0.017500	 0.026262	 0.080542	 0.108232
 16	 0.103007	 0.059009	 0.034048	 0.076615	 0.047692	 0.021229	 0.031857	 0.097701	 0.131291
 17	 0.124162	 0.071128	 0.041040	 0.092349	 0.057487	 0.025588	 0.038399	 0.117766	 0.158253
 18	 0.148841	 0.085265	 0.049198	 0.110705	 0.068913	 0.030674	 0.046032	 0.141174	 0.189709
 19	 0.177575	 0.101726	 0.058696	 0.132077	 0.082217	 0.036596	 0.054919	 0.168428	 0.226333
 20	 0.210977	 0.120861	 0.069736	 0.156921	 0.097682	 0.043480	 0.065249	 0.200110	 0.268906
 21	 0.249749	 0.143071	 0.082552	 0.185758	 0.115633	 0.051471	 0.077239	 0.236884	 0.318323
 22	 0.294699	 0.168822	 0.097409	 0.219191	 0.136445	 0.060734	 0.091141	 0.279519	 0.375616
 23	 0.346758	 0.198644	 0.114617	 0.257912	 0.160548	 0.071463	 0.107241	 0.328897	 0.441969
 24	 0.406997	 0.233153	 0.134528	 0.302716	 0.188439	 0.083878	 0.125871	 0.386033	 0.518748
 25	 0.476647	 0.273052	 0.157550	 0.354520	 0.220687	 0.098232	 0.147411	 0.452095	 0.607522
 26	 0.557125	 0.319155	 0.184152	 0.414378	 0.257948	 0.114818	 0.172301	 0.528428	 0.710097
 27	 0.650062	 0.372395	 0.214871	 0.483503	 0.300978	 0.133971	 0.201043	 0.616577	 0.828552
 28	 0.757333	 0.433846	 0.250328	 0.563289	 0.350644	 0.156078	 0.234218	 0.718323	 0.965277
 29	 0.881096	 0.504745	 0.291237	 0.655342	 0.407946	 0.181585	 0.272494	 0.835711	 1.123022
 30	 1.023834	 0.586515	 0.338417	 0.761507	 0.474034	 0.211002	 0.316639	 0.971097	 1.304953
 31	 1.188404	 0.680790	 0.392814	 0.883911	 0.550230	 0.244918	 0.367535	 1.127190	 1.514709
 32	 1.378092	 0.789455	 0.455514	 1.024998	 0.638055	 0.284011	 0.426199	 1.307108	 1.756481
 33	 1.596680	 0.914675	 0.527765	 1.187579	 0.739261	 0.329059	 0.493801	 1.514436	 2.035087
 34	 1.848517	 1.058943	 0.611008	 1.374891	 0.855862	 0.380961	 0.571686	 1.753302	 2.356073
 35	 2.138610	 1.225126	 0.706895	 1.590656	 0.990175	 0.440746	 0.661403	 2.028452	 2.725818
 36	 2.472717	 1.416523	 0.817330	 1.839158	 1.144866	 0.509602	 0.764731	 2.345349	 3.151662
 37	 2.857463	 1.636929	 0.944504	 2.125324	 1.323003	 0.588894	 0.883721	 2.710277	 3.642050
 38	 3.300471	 1.890711	 1.090936	 2.454825	 1.528116	 0.680193	 1.020728	 3.130466	 4.206696
 39	 3.810511	 2.182893	 1.259524	 2.834182	 1.764264	 0.785308	 1.178467	 3.614234	 4.856780
 40	 4.397672	 2.519254	 1.453604	 3.270901	 2.036119	 0.906315	 1.360057	 4.171151	 5.605160
 41	 5.073563	 2.906446	 1.677013	 3.773615	 2.349056	 1.045610	 1.569088	 4.812228	 6.466633
 42	 5.851538	 3.352117	 1.934164	 4.352258	 2.709258	 1.205942	 1.809690	 5.550130	 7.458220
 43	 6.748174	 3.865765	 2.230538	 5.019158	 3.124400	 1.390730	 2.086990	 6.400581	 8.601049
 44	 8.035425	 4.603181	 2.656025	 5.976590	 3.720396	 1.656019	 2.485095	 7.621527	 10.241747
 45	 9.514784	 5.450647	 3.145011	 7.076907	 4.405338	 1.960900	 2.942613	 9.024685	 12.127299
 46	 11.214850	 6.424549	 3.706951	 8.341383	 5.192468	 2.311267	 3.468388	 10.637182	 14.294160
 47	 13.168481	 7.543707	 4.352703	 9.794455	 6.096997	 2.713890	 4.072582	 12.490183	 16.784208
 48	 15.413422	 8.829746	 5.094744	 11.464197	 7.136403	 3.176550	 4.766869	 14.619489	 19.645551
 49	 17.993034	 10.307505	 5.947408	 13.382862	 8.330762	 3.708182	 5.564659	 17.066227	 22.933459
 50	 20.957129	 12.005519	 6.927158	 15.587497	 9.703136	 4.319052	 6.481357	 19.877644	 26.711419
 51	 24.362929	 13.956568	 8.052910	 18.120663	 11.280019	 5.020953	 7.534660	 23.108014	 31.052363
 52	 27.495781	 15.751256	 9.088441	 20.450816	 12.730527	 5.666601	 8.503549	 26.079495	 35.045415
 53	 31.100378	 17.816189	 10.279903	 23.131844	 14.399453	 6.409472	 9.618334	 29.498422	 39.639743
 54	 35.247666	 20.192008	 11.650745	 26.216515	 16.319645	 7.264186	 10.900955	 33.432087	 44.925769
 55	 40.019245	 22.925459	 13.227940	 29.765520	 18.528882	 8.247560	 12.376648	 37.957885	 51.007501
 56	 45.508968	 26.070306	 15.042511	 33.848668	 21.070620	 9.378937	 14.074441	 43.164838	 58.004561
 57	 51.824778	 29.688386	 17.130135	 38.546242	 23.994836	 10.680561	 16.027715	 49.155325	 66.054529
 58	 59.090808	 33.850811	 19.531845	 43.950571	 27.359003	 12.178016	 18.274862	 56.047088	 75.315626
 59	 67.449811	 38.639356	 22.294826	 50.167832	 31.229215	 13.900722	 20.860029	 63.975525	 85.969795
 60	 77.065929	 44.148054	 25.473332	 57.320110	 35.681471	 15.882506	 23.833981	 73.096324	 98.226252
 61	 88.127889	 50.485018	 29.129747	 65.547776	 40.803151	 18.162264	 27.255084	 83.588491	 112.325542
 62	 100.852660	 57.774541	 33.335787	 75.012209	 46.694712	 20.784711	 31.190441	 95.657820	 128.544208
 63	 115.489651	 66.159500	 38.173890	 85.898913	 53.471628	 23.801246	 35.717186	 109.540871	 147.200141
 64	 132.325523	 75.804112	 43.738811	 98.421100	 61.266625	 27.270949	 40.923972	 125.509540	 168.658710
 65	 151.689698	 86.897090	 50.139435	 112.823789	 70.232225	 31.261709	 46.912681	 143.876282	 193.339789
 66	 173.960675	 99.655261	 57.500873	 129.388501	 80.543672	 35.851532	 53.800368	 165.000100	 221.725805
 67	 199.573253	 114.327704	 65.966841	 148.438628	 92.402278	 41.130024	 61.721504	 189.293393	 254.370938
 68	 229.026780	 131.200477	 75.702395	 170.345577	 106.039240	 47.200097	 70.830520	 217.229792	 291.911646
 69	 262.894586	 150.602018	 86.897043	 195.535780	 121.720012	 54.179909	 81.304729	 249.353095	 335.078682
 70	 301.834740	 172.909307	 99.768302	 224.498694	 139.749276	 62.205080	 93.347649	 286.287473	 384.710800
 71	 346.602295	 198.554887	 114.565747	 257.795914	 160.476623	 71.431219	 107.192795	 328.749087	 441.770376
 72	 398.063231	 228.034843	 131.575618	 296.071537	 184.303001	 82.036796	 123.107986	 377.559311	 507.361161
 73	 457.210272	 261.917867	 151.126051	 340.063933	 211.688040	 94.226402	 141.400238	 433.659734	 582.748459
 74	 525.180817	 300.855532	 173.593001	 390.619078	 243.158355	 108.234442	 162.421313	 498.129171	 669.381969
 75	 603.277205	 345.593896	 199.406941	 448.705622	 279.316929	 124.329316	 186.573981	 572.202877	 768.921618
 76	 692.989548	 396.986585	 229.060414	 515.431884	 320.853682	 142.818120	 214.319085	 657.294208	 883.266663
 77	 796.021384	 456.009491	 263.116505	 592.064920	 368.557351	 164.051937	 246.183474	 755.018956	 1014.588392
 78	 914.318382	 523.777210	 302.218334	 680.051881	 423.328779	 188.431749	 282.768880	 867.222569	 1165.366705
 79	 1050.100300	 601.561357	 347.099621	 781.043780	 486.195714	 216.415026	 324.761803	 996.010470	 1338.430848
 80	 1205.896389	 690.810837	 398.596381	 896.921822	 558.329196	 248.523021	 372.944456	 1143.781626	 1537.004537
 81	 1384.584328	 793.174163	 457.659802	 1029.826367	 641.061588	 285.348794	 428.206813	 1313.265491	 1764.755591
 82	 1589.432731	 910.523795	 525.370290	 1182.188547	 735.906257	 327.565973	 491.559749	 1507.562316	 2025.850099
 83	 1824.147078	 1044.982456	 602.952651	 1356.764425	 844.578838	 375.938220	 564.149248	 1730.186714	 2325.010972
 84	 2092.918766	 1198.951236	 691.792309	 1556.671477	 969.019945	 431.329341	 647.271572	 1985.114187	 2667.580457
 85	 2400.476698	 1375.139136	 793.452352	 1785.426967	 1111.419055	 494.713913	 742.389218	 2276.830054	 3059.585890
 86	 2752.140498	 1576.593562	 909.691127	 2046.987529	 1274.239152	 567.188257	 851.147372	 2610.379932	 3507.807530
 87	 3153.874018	 1806.730970	 1042.479921	 2345.788956	 1460.241495	 649.981463	 975.390458	 2991.420479	 4019.846748
 88	 3612.337242	 2069.366605	 1194.020123	 2686.784810	 1672.509651	 744.466086	 1117.178193	 3426.268627	 4604.192186
 89	 4134.934067	 2368.741870	 1366.759013	 3075.481966	 1914.471621	 852.167994	 1278.800362	 3921.946906	 5270.280666
 90	 4729.852677	 2709.547454	 1563.403110	 3517.970632	 2189.918527	 974.774688	 1462.789301	 4486.221732	 6028.548633
 91	 5406.094341	 3096.939832	 1786.927687	 4020.945772	 2503.017951	 1114.141240	 1671.928811	 5127.630726	 6890.468873
 92	 6173.485558	 3536.548222	 2040.580792	 4591.716142	 2858.319555	 1272.292790	 1909.257907	 5855.494233	 7868.565992
 93	 7042.667538	 4034.468555	 2327.879763	 5238.196464	 3260.750212	 1451.422385	 2178.067569	 6679.905340	 8976.402999
 94	 8025.056121	 4597.240520	 2652.597988	 5968.877612	 3715.595449	 1653.882713	 2481.888345	 7611.691870	 10228.530233
 95	 9132.764662	 5231.803383	 3018.739409	 6792.769260	 4228.463740	 1882.170214	 2824.466500	 8662.343226	 11640.387064
 96	 10378.482120	 5945.426153	 3430.498227	 7719.309203	 4805.230063	 2138.899954	 3209.726315	 9843.894770	 13228.146512
 97	 11775.299031	 6745.607884	 3892.201382	 8758.233924	 5451.955330	 2426.769760	 3641.716268	 11168.762754	 15008.493439
 98	 13336.475260	 7639.944636	 4408.231783	 9919.405846	 6174.778848	 2748.512354	 4124.537201	 12649.524039	 16998.328528
 99	 15075.145760	 8635.960906	 4982.931050	 11212.594487	 6979.782090	 3106.834718	 4662.251328	 14298.637005	 19214.393251
100	 17003.964156	 9740.905464	 5620.481706	 12647.211364	 7872.823677	 3504.344637	 5258.772003	 16128.103501	 21672.815594
101	 19134.688834	 10961.514228	 6324.770363	 14232.002129	 8859.347734	 3943.465393	 5917.735712	 18149.076248	 24388.582495
102	 21477.722193	 12303.746324	 7099.235424	 15974.703880	 9944.170563	 4426.340816	 6642.359577	 20371.421824	 27374.952582
103	 24041.620436	 13772.503266	 7946.705051	 17881.680554	 11131.253681	 4954.734252	 7435.289754	 22803.255710	 30642.831373
104	 26832.597959	 15371.345040	 8869.233349	 19957.554293	 12423.474350	 5529.926427	 8298.448152	 25450.472203	 34200.139577
105	 29854.056139	 17102.220160	 9867.944607	 22204.854974	 13822.407404	 6152.618328	 9232.886706	 28316.297478	 38051.212501
106	 33106.170037	 18965.228912	 10942.896689	 24623.712804	 15328.133895	 6822.846034	 10238.659558	 31400.897579	 42196.273273
107	 36585.567173	 20958.439334	 12092.974858	 27211.619400	 16939.092370	 7539.914512	 11314.723708	 34701.073739	 46631.023418
108	 40285.129427	 23077.773734	 13315.826293	 29963.280446	 18651.987142	 8302.356789	 12458.877755	 38210.074487	 51346.390363
109	 44193.942046	 25316.979478	 14607.843238	 32870.577763	 20461.764689	 9107.923444	 13667.746121	 41917.547280	 56328.462444
110	 48297.403246	 27667.691774	 15964.199226	 35922.650835	 22361.664395	 9953.605199	 14936.812950	 45809.642461	 61558.628603
111	 52577.495108	 30119.588863	 17378.938624	 39106.098291	 24343.343975	 10835.688743	 16260.505887	 49869.270199	 67013.923662
112	 57013.203068	 32660.632323	 18845.115288	 42405.289916	 26397.073702	 11749.843187	 17632.325812	 54076.498374	 72667.562999
113	 61581.059106	 35277.378244	 20354.972112	 45802.770660	 28511.987898	 12691.232010	 19045.014832	 58409.067785	 78489.634881
114	 66255.774383	 37955.339640	 21900.150133	 49279.731187	 30676.377847	 13654.643439	 20490.751931	 62842.992200	 84447.906800
115	 71010.921664	 40679.377382	 23471.914109	 52816.515444	 32878.007759	 14634.631089	 21961.364029	 67353.205631	 90508.695285
116	 75819.626820	 43434.096336	 25061.381078	 56393.134987	 35104.434930	 15625.656474	 23448.539832	 71914.218214	 96637.747261
117	 80655.231668	 46204.225069	 26659.739457	 59989.761986	 37343.316640	 16622.225613	 24944.034833	 76500.744906	 102801.084891
118	 85491.896569	 48974.961065	 28258.448226	 63587.177433	 39582.689154	 17619.013218	 26439.857674	 81088.277050	 108965.773640
119	 90305.119351	 51732.267989	 29849.408448	 67167.157095	 41811.207982	 18610.969639	 27928.430631	 85653.574558	 115100.583664
120	 95072.155942	 54463.116652	 31425.102311	 70712.784386	 44018.342637	 19593.407556	 29402.719705	 90175.064890	 121176.525957
121	 99772.336673	 57155.666210	 32978.697671	 74208.685613	 46194.523074	 20562.067157	 30856.332439	 94633.143055	 127167.255491
122	 104387.279500	 59799.386309	 34504.118537	 77641.188576	 48331.238420	 21513.160090	 32283.583868	 99010.373851	 133049.342982
123	 108901.007192	 62385.124219	 35996.083805	 80998.409730	 50421.091229	 22443.393610	 33679.532754	 103291.603023	 138802.424264
124	 113299.979517	 64905.123272	 37450.117891	 84270.278118	 52457.812382	 23349.977212	 35039.991544	 107463.987787	 144409.241306
125	 117573.053745	 67353.000233	 38862.537684	 87448.505997	 54436.242802	 24230.614492	 36361.514155	 111516.959364	 149855.591870
126	 121711.387709	 69723.689770	 40230.420498	 90526.516739	 56352.288574	 25083.483170	 37641.365994	 115442.131040	 155130.205956
127	 125708.299399	 72013.364023	 41551.557665	 93499.340399	 58202.855930	 25907.206152	 38877.480532	 119233.164992	 160224.566849
128	 129559.096066	 74219.334699	 42824.398047	 96363.486602	 59985.772131	 26700.816308	 40068.406455	 122885.610189	 165132.693289
129	 133260.884266	 76339.944256	 44047.985245	 99116.803261	 61699.697515	 27463.717329	 41213.248914	 126396.722226	 169850.897367
130	 136812.370539	 78374.451723	 45221.891720	 101758.328328	 63344.033210	 28195.642647	 42311.607885	 129765.274268	 174377.530472
131	 140213.660588	 80322.917653	 46346.152412	 104288.140422	 64918.828157	 28896.614046	 43363.516059	 132991.366575	 178712.727333
132	 143466.063087	 82186.091734	 47421.199888	 106707.212908	 66424.688272	 29566.901230	 44369.378166	 136076.240412	 182858.155950
133	 146571.902663	 83965.305652	 48447.802529	 109017.274799	 67862.689853	 30206.983282	 45329.913137	 139022.100664	 186816.779232
134	 149534.345230	 85662.373037	 49427.006796	 111220.680837	 69234.298719	 30817.512663	 46246.100085	 141831.950173	 190592.632372
135	 152357.237697	 87279.497633	 50360.084244	 113320.292278	 70541.295984	 31399.282184	 47119.128735	 144509.437697	 194190.618543
136	 155044.963133	 88819.190328	 51248.483649	 115319.369162	 71785.711008	 31953.195150	 47950.354627	 147058.720536	 197616.324291
137	 157602.311740	 90284.195240	 52093.788364	 117221.474346	 72969.761649	 32480.238773	 48741.259215	 149484.342152	 200875.855084
138	 160034.367419	 91677.424739	 52897.678817	 119030.389134	 74095.801751	 32981.460793	 49493.414782	 151791.124580	 203975.690732
139	 162346.409325	 93001.903044	 53661.899978	 120750.040058	 75166.275559	 33457.949192	 50208.454001	 153984.075048	 206922.559910
140	 164543.827508	 94260.717906	 54388.233473	 122384.436130	 76183.678663	 33910.814804	 50888.043837	 156068.305970	 209723.332637
141	 166632.051574	 95456.979732	 55078.473998	 123937.615782	 77150.524965	 34341.176615	 51533.863492	 158048.967277	 212384.929350
142	 168616.491194	 96593.787513	 55734.409666	 125413.602622	 78069.319141	 34750.149503	 52147.585999	 159931.189993	 214914.245076
143	 170502.487262	 97674.200835	 56357.805852	 126816.369100	 78942.534020	 35138.834174	 52730.863124	 161720.039905	 217318.087182
144	 172295.272501	 98701.217321	 56950.392178	 128149.807210	 79772.592349	 35508.309037	 53285.313176	 163420.480203	 219603.125160
145	 173999.940371	 99677.754817	 57513.852233	 129417.705370	 80561.852397	 35859.623805	 53812.511398	 165037.341989	 221775.851005
146	 175621.421198	 100606.637712	 58049.815685	 130623.730657	 81312.596902	 36193.794565	 54313.982579	 166575.301630	 223842.548784
147	 177164.464504	 101490.586821	 58559.852438	 131771.415670	 82027.024888	 36511.800148	 54791.195590	 168038.864004	 225809.272115
148	 178633.626630	 102332.212295	 59045.468544	 132864.149327	 82707.245940	 36814.579569	 55245.559560	 169432.350759	 227681.828394
149	 180033.262819	 103134.009080	 59508.103581	 133905.170971	 83355.276530	 37103.030399	 55678.421423	 170759.892802	 229465.768700
150	 181367.523015	 103898.354518	 59949.129271	 134897.567248	 83973.038080	 37378.007899	 56091.064622	 172025.426317	 231166.382446
151	 182640.350728	 104627.507692	 60369.849099	 135844.271261	 84562.356434	 37640.324788	 56484.708756	 173232.691688	 232788.695928
152	 183855.484387	 105323.610200	 60771.498764	 136748.063582	 85124.962480	 37890.751517	 56860.509999	 174385.234780	 234337.474053
153	 185016.460691	 105988.688079	 61155.247284	 137611.574735	 85662.493708	 38130.016964	 57219.562136	 175486.410119	 235817.224604
154	 186126.619513	 106624.654613	 61522.198619	 138437.288854	 86176.496477	 38358.809443	 57562.898083	 176539.385545	 237232.204501
155	 187189.110019	 107233.313834	 61873.393693	 139227.548224	 86668.428848	 38577.777965	 57891.491773	 177547.148010	 238586.427586
156	 188206.897655	 107816.364530	 62209.812704	 139984.558485	 87139.663822	 38787.533679	 58206.260322	 178512.510215	 239883.673543
157	 189182.771780	 108375.404617	 62532.377643	 140710.394309	 87591.492869	 38988.651443	 58508.066388	 179438.117841	 241127.497616
158	 190119.353698	 108911.935736	 62841.954956	 141407.005368	 88025.129651	 39181.671482	 58797.720655	 180326.457170	 242321.240852
159	 191019.104929	 109427.367997	 63139.358273	 142076.222492	 88441.713851	 39367.101090	 59075.984390	 181179.862932	 243468.040641
160	 191884.335566	 109923.024761	 63425.351170	 142719.763883	 88842.315039	 39545.416353	 59343.572031	 182000.526228	 244570.841369
161	 192717.212603	 110400.147413	 63700.649924	 143339.241308	 89227.936533	 39717.063867	 59601.153758	 182790.502432	 245632.405030
162	 193519.768141	 110859.900066	 63965.926225	 143936.166203	 89599.519193	 39882.462428	 59849.358033	 183551.718973	 246655.321688
163	 194293.907402	 111303.374146	 64221.809825	 144511.955635	 89957.945137	 40042.004681	 60088.774079	 184285.982937	 247642.019689
164	 195041.416495	 111731.592845	 64468.891102	 145067.938075	 90304.041332	 40196.058728	 60319.954282	 184994.988431	 248594.775562
165	 195763.969893	 112145.515403	 64707.723536	 145605.358965	 90638.583057	 40344.969658	 60543.416502	 185680.323679	 249515.723548
166	 196463.137598	 112546.041213	 64938.826076	 146125.386041	 90962.297222	 40489.061035	 60759.646290	 186343.477813	 250406.864733
167	 197140.391971	 112934.013733	 65162.685394	 146629.114414	 91275.865530	 40628.636295	 60969.098997	 186985.847352	 251270.075746
168	 197797.114214	 113310.224199	 65379.758031	 147117.571396	 91579.927475	 40763.980092	 61172.201786	 187608.742355	 252107.117034
169	 198434.600514	 113675.415147	 65590.472430	 147591.721065	 91875.083193	 40895.359556	 61369.355525	 188213.392244	 252919.640685
170	 199054.067838	 114030.283729	 65795.230846	 148052.468577	 92161.896136	 41023.025492	 61560.936582	 188800.951299	 253709.197811
171	 199656.659385	 114375.484838	 65994.411151	 148500.664221	 92440.895607	 41147.213501	 61747.298511	 189372.503836	 254477.245507
172	 200243.449716	 114711.634050	 66188.368530	 148937.107234	 92712.579126	 41268.145040	 61928.773638	 189929.069064	 255225.153378
173	 200815.449557	 115039.310368	 66377.437068	 149362.549373	 92977.414658	 41386.028408	 62105.674549	 190471.605648	 255954.209671
174	 201373.610300	 115359.058809	 66561.931238	 149777.698265	 93235.842697	 41501.059679	 62278.295478	 191001.015976	 256665.627006
175	 201918.828210	 115671.392808	 66742.147290	 150183.220535	 93488.278213	 41613.423563	 62446.913610	 191518.150145	 257360.547737
176	 202451.948354	 115976.796470	 66918.364552	 150579.744727	 93735.112472	 41723.294221	 62611.790298	 192023.809695	 258040.048968
177	 202973.768268	 116275.726673	 67090.846643	 150967.864032	 93976.714732	 41830.836015	 62773.172193	 192518.751081	 258705.147216
178	 203485.041375	 116568.615022	 67259.842597	 151348.138831	 94213.433828	 41936.204219	 62931.292304	 193003.688917	 259356.802775
179	 203986.480167	 116855.869678	 67425.587921	 151721.099061	 94445.599643	 42039.545671	 63086.370982	 193479.298996	 259995.923769
180	 204478.759174	 117137.877052	 67588.305575	 152087.246425	 94673.524484	 42140.999384	 63238.616837	 193946.221103	 260623.369936
181	 204962.517722	 117415.003387	 67748.206880	 152447.056440	 94897.504358	 42240.697117	 63388.227591	 194405.061634	 261239.956145
182	 205438.362503	 117687.596236	 67905.492374	 152800.980353	 95117.820164	 42338.763902	 63535.390876	 194856.396029	 261846.455671
183	 205906.869968	 117955.985824	 68060.352594	 153149.446916	 95334.738797	 42435.318541	 63680.284967	 195300.771048	 262443.603242
184	 206368.588547	 118220.486324	 68212.968819	 153492.864039	 95548.514180	 42530.474060	 63823.079478	 195738.706870	 263032.097873
185	 206824.040721	 118481.397046	 68363.513751	 153831.620335	 95759.388223	 42624.338136	 63963.935993	 196170.699065	 263612.605506
186	 207273.724947	 118739.003538	 68512.152147	 154166.086546	 95967.591710	 42717.013496	 64103.008671	 196597.220415	 264185.761461
187	 207718.117454	 118993.578609	 68659.041421	 154496.616880	 96173.345134	 42808.598287	 64240.444792	 197018.722618	 264752.172726
188	 208157.673903	 119245.383293	 68804.332188	 154823.550251	 96376.859466	 42899.186415	 64376.385277	 197435.637864	 265312.420077
189	 208592.830947	 119494.667730	 68948.168777	 155147.211432	 96578.336878	 42988.867871	 64510.965171	 197848.380316	 265867.060059
190	 209024.007676	 119741.672000	 69090.689715	 155467.912132	 96777.971406	 43077.729023	 64644.314082	 198257.347474	 266416.626833
191	 209451.606960	 119986.626892	 69232.028166	 155785.952001	 96975.949580	 43165.852901	 64776.556606	 198662.921460	 266961.633888
192	 209876.016710	 120229.754625	 69372.312350	 156101.619557	 97172.451001	 43253.319448	 64907.812712	 199065.470202	 267502.575645
193	 210297.611044	 120471.269516	 69511.665927	 156415.193063	 97367.648887	 43340.205766	 65038.198101	 199465.348547	 268039.928945
194	 210716.751379	 120711.378607	 69650.208361	 156726.941333	 97561.710573	 43426.586340	 65167.824548	 199862.899297	 268574.154441
195	 211133.787448	 120950.282246	 69788.055253	 157037.124491	 97754.797985	 43512.533247	 65296.800214	 200258.454170	 269105.697894
196	 211549.058249	 121188.174633	 69925.318653	 157345.994679	 97947.068080	 43598.116349	 65425.229940	 200652.334703	 269634.991382
197	 211962.892930	 121425.244323	 70062.107359	 157653.796709	 98138.673252	 43683.403482	 65553.215521	 201044.853089	 270162.454429
198	 212375.611617	 121661.674703	 70198.527185	 157960.768684	 98329.761720	 43768.460619	 65680.855962	 201436.312965	 270688.495057
199	 212787.526179	 121897.644432	 70334.681216	 158267.142568	 98520.477878	 43853.352035	 65808.247713	 201827.010136	 271213.510769
200	 213198.940953	 122133.327852	 70470.670047	 158573.144718	 98710.962634	 43938.140449	 65935.484895	 202217.233262	 271737.889463
