  1	 0.000574	 0.000329	 0.000190	 0.000427	 0.000266	 0.000118	 0.000178	 0.000544	 0.000732
  2	 0.001779	 0.001019	 0.000588	 0.001323	 0.000824	 0.000367	 0.000550	 0.001687	 0.002267
  3	 0.003115	 0.001785	 0.001030	 0.002317	 0.001442	 0.000642	 0.000964	 0.002955	 0.003971
  4	 0.004624	 0.002649	 0.001528	 0.003439	 0.002141	 0.000953	 0.001430	 0.004385	 0.005893
  5	 0.006341	 0.003632	 0.002096	 0.004716	 0.002936	 0.001307	 0.001961	 0.006014	 0.008082
  6	 0.008306	 0.004758	 0.002746	 0.006178	 0.003846	 0.001712	 0.002569	 0.007879	 0.010587
  7	 0.010563	 0.006051	 0.003491	 0.007857	 0.004891	 0.002177	 0.003267	 0.010019	 0.013463
  8	 0.013157	 0.007537	 0.004349	 0.009786	 0.006092	 0.002712	 0.004069	 0.012479	 0.016770
  9	 0.016142	 0.009247	 0.005336	 0.012006	 0.007474	 0.003327	 0.004992	 0.015310	 0.020574
 10	 0.019577	 0.011215	 0.006471	 0.014561	 0.009064	 0.004035	 0.006054	 0.018569	 0.024952
 11	 0.023531	 0.013480	 0.007778	 0.017502	 0.010895	 0.004850	 0.007277	 0.022319	 0.029992
 12	 0.028082	 0.016087	 0.009282	 0.020887	 0.013002	 0.005787	 0.008685	 0.026635	 0.035793
 13	 0.033320	 0.019088	 0.011014	 0.024783	 0.015427	 0.006867	 0.010305	 0.031604	 0.042469
 14	 0.039349	 0.022542	 0.013007	 0.029267	 0.018219	 0.008110	 0.012170	 0.037323	 0.050154
 15	 0.046288	 0.026517	 0.015300	 0.034428	 0.021431	 0.009540	 0.014315	 0.043904	 0.058998
 16	 0.054273	 0.031091	 0.017940	 0.040367	 0.025129	 0.011185	 0.016785	 0.051478	 0.069175
 17	 0.063462	 0.036355	 0.020977	 0.047202	 0.029383	 0.013079	 0.019627	 0.060194	 0.080888
 18	 0.074037	 0.042413	 0.024472	 0.055067	 0.034279	 0.015258	 0.022897	 0.070223	 0.094365
 19	 0.086204	 0.049383	 0.028494	 0.064117	 0.039912	 0.017766	 0.026660	 0.081764	 0.109873
 20	 0.100204	 0.057403	 0.033122	 0.074530	 0.046395	 0.020651	 0.030990	 0.095043	 0.127718
 21	 0.116314	 0.066632	 0.038446	 0.086512	 0.053853	 0.023971	 0.035972	 0.110323	 0.148251
 22	 0.134849	 0.077250	 0.044573	 0.100298	 0.062435	 0.027791	 0.041704	 0.127903	 0.171875
 23	 0.156176	 0.089467	 0.051622	 0.116161	 0.072309	 0.032186	 0.048300	 0.148132	 0.199058
 24	 0.180714	 0.103524	 0.059733	 0.134412	 0.083671	 0.037243	 0.055889	 0.171406	 0.230334
 25	 0.208947	 0.119698	 0.069065	 0.155411	 0.096742	 0.043062	 0.064620	 0.198184	 0.266319
 26	 0.241431	 0.138306	 0.079802	 0.179571	 0.111782	 0.049756	 0.074667	 0.228995	 0.307721
 27	 0.278805	 0.159716	 0.092156	 0.207369	 0.129086	 0.057459	 0.086225	 0.264444	 0.355357
 28	 0.321805	 0.184350	 0.106369	 0.239352	 0.148996	 0.066321	 0.099524	 0.305229	 0.410165
 29	 0.371279	 0.212691	 0.122722	 0.276150	 0.171902	 0.076517	 0.114825	 0.352155	 0.473223
 30	 0.428201	 0.245300	 0.141537	 0.318487	 0.198257	 0.088248	 0.132429	 0.406145	 0.545774
 31	 0.493691	 0.282816	 0.163184	 0.367198	 0.228579	 0.101745	 0.152683	 0.468261	 0.629246
 32	 0.569039	 0.325980	 0.188090	 0.423240	 0.263465	 0.117273	 0.175985	 0.539729	 0.725283
 33	 0.655729	 0.375642	 0.216744	 0.487718	 0.303602	 0.135139	 0.202796	 0.621953	 0.835776
 34	 0.755467	 0.432778	 0.249712	 0.561902	 0.349781	 0.155694	 0.233641	 0.716554	 0.962899
 35	 0.870218	 0.498514	 0.287641	 0.647251	 0.402910	 0.179343	 0.269130	 0.825393	 1.109157
 36	 1.002238	 0.574143	 0.331279	 0.745445	 0.464036	 0.206551	 0.309960	 0.950614	 1.277427
 37	 1.154129	 0.661155	 0.381485	 0.858418	 0.534361	 0.237854	 0.356934	 1.094680	 1.471023
 38	 1.328877	 0.761262	 0.439247	 0.988393	 0.615269	 0.273868	 0.410979	 1.260428	 1.693753
 39	 1.529924	 0.876433	 0.505700	 1.137927	 0.708354	 0.315302	 0.473156	 1.451118	 1.950001
 40	 1.761223	 1.008935	 0.582154	 1.309962	 0.815445	 0.362970	 0.544689	 1.670503	 2.244809
 41	 2.027325	 1.161375	 0.670111	 1.507884	 0.938650	 0.417811	 0.626985	 1.922899	 2.583976
 42	 2.333463	 1.336750	 0.771302	 1.735584	 1.080392	 0.480903	 0.721664	 2.213268	 2.974172
 43	 2.689290	 1.540589	 0.888917	 2.000241	 1.245139	 0.554235	 0.831710	 2.550767	 3.427700
 44	 3.860730	 2.211661	 1.276124	 2.871534	 1.787515	 0.795657	 1.193998	 3.661867	 4.920787
 45	 4.436716	 2.541621	 1.466510	 3.299942	 2.054197	 0.914362	 1.372132	 4.208185	 5.654925
 46	 5.098395	 2.920671	 1.685221	 3.792085	 2.360553	 1.050728	 1.576768	 4.835781	 6.498283
 47	 5.858500	 3.356105	 1.936465	 4.357436	 2.712481	 1.207377	 1.811843	 5.556733	 7.467093
 48	 6.731651	 3.856299	 2.225076	 5.006868	 3.116750	 1.387325	 2.081880	 6.384909	 8.579989
 49	 7.734635	 4.430870	 2.556602	 5.752868	 3.581131	 1.594030	 2.392071	 7.336230	 9.858367
 50	 8.886723	 5.090856	 2.937413	 6.609768	 4.114547	 1.831464	 2.748374	 8.428975	 11.326789
 51	 10.210035	 5.848929	 3.374820	 7.594021	 4.727239	 2.104185	 3.157631	 9.684124	 13.013448
 52	 9.390753	 5.379595	 3.104015	 6.984656	 4.347912	 1.935339	 2.904254	 8.907043	 11.969212
 53	 10.803457	 6.188878	 3.570969	 8.035397	 5.001993	 2.226483	 3.341157	 10.246979	 13.769808
 54	 12.428174	 7.119614	 4.108002	 9.243829	 5.754236	 2.561321	 3.843629	 11.788009	 15.840631
 55	 14.296607	 8.189967	 4.725593	 10.633533	 6.619319	 2.946386	 4.421475	 13.560201	 18.222088
 56	 16.445165	 9.420791	 5.435776	 12.231588	 7.614100	 3.389182	 5.085954	 15.598088	 20.960585
 57	 18.915644	 10.836032	 6.252368	 14.069081	 8.757930	 3.898323	 5.849992	 17.941315	 24.109394
 58	 21.756015	 12.463170	 7.191222	 16.181693	 10.073020	 4.483694	 6.728427	 20.635380	 27.729658
 59	 25.021310	 14.333729	 8.270531	 18.610354	 11.584849	 5.156638	 7.738276	 23.732482	 31.891518
 60	 28.774636	 16.483863	 9.511154	 21.402004	 13.322637	 5.930161	 8.899057	 27.292478	 36.675412
 61	 33.088325	 18.955006	 10.936998	 24.610440	 15.319872	 6.819168	 10.233141	 31.383972	 42.173529
 62	 38.045232	 21.794624	 12.575452	 28.297289	 17.614916	 7.840737	 11.766150	 36.085552	 48.491475
 63	 43.740203	 25.057050	 14.457864	 32.533096	 20.251684	 9.014412	 13.527419	 41.487180	 55.750138
 64	 50.281727	 28.804433	 16.620097	 37.398552	 23.280405	 10.362554	 15.550500	 47.691756	 64.087797
 65	 57.793791	 33.107800	 19.103130	 42.985875	 26.758485	 11.910714	 17.873736	 54.816878	 73.662480
 66	 66.417941	 38.048239	 21.953753	 49.400348	 30.751461	 13.688064	 20.540905	 62.996806	 84.654600
 67	 76.315588	 43.718213	 25.225316	 56.762021	 35.334064	 15.727869	 23.601924	 72.384632	 97.269886
 68	 87.670532	 50.223016	 28.978573	 65.207603	 40.591396	 18.068008	 27.113639	 83.154693	 111.742606
 69	 100.691747	 57.682360	 33.282599	 74.892525	 46.620209	 20.751548	 31.140676	 95.505195	 128.339112
 70	 115.616385	 66.232102	 38.215782	 85.993175	 53.530307	 23.827365	 35.756380	 109.661077	 147.361673
 71	 132.713009	 76.026088	 43.866891	 98.709305	 61.446032	 27.350806	 41.043809	 125.877068	 169.152590
 72	 152.285000	 87.238115	 50.336207	 113.266563	 70.507850	 31.384395	 47.096788	 144.440921	 194.098546
 73	 174.674091	 100.063949	 57.736686	 129.919125	 80.873984	 35.998559	 54.021004	 165.676767	 222.635106
 74	 200.263930	 114.723367	 66.195138	 148.952340	 92.722062	 41.272366	 61.935108	 189.948495	 255.251258
 75	 229.483550	 131.462143	 75.853377	 170.685314	 106.250725	 47.294233	 70.971784	 217.663035	 292.493834
 76	 262.810546	 150.553874	 86.869265	 195.473273	 121.681102	 54.162589	 81.278738	 249.273384	 334.971566
 77	 300.773737	 172.301500	 99.417599	 223.709541	 139.258033	 61.986418	 93.019515	 285.281121	 383.358473
 78	 343.954969	 197.038338	 113.690701	 255.826886	 159.250914	 70.885632	 106.374063	 326.238123	 438.396162
 79	 392.989661	 225.128393	 129.898604	 292.297917	 181.953942	 80.991185	 121.538896	 372.747076	 500.894519
 80	 448.565556	 256.965649	 148.268632	 333.634166	 207.685543	 92.444814	 138.726709	 425.460302	 571.730127
 81	 511.419075	 292.971969	 169.044202	 380.383367	 236.786679	 105.398287	 158.165254	 485.076286	 651.841606
 82	 582.328497	 333.593202	 192.482567	 433.124389	 269.617693	 120.012000	 180.095228	 552.333220	 742.220933
 83	 662.103148	 379.292976	 218.851240	 492.459193	 306.553301	 136.452747	 204.766928	 627.998742	 843.899652
 84	 751.567653	 430.543689	 248.422792	 559.001117	 347.975305	 154.890474	 232.435384	 712.855001	 957.928810
 85	 851.540323	 487.814118	 281.467707	 633.358807	 394.262582	 175.493828	 263.353673	 807.678159	 1085.351405
 86	 962.804800	 551.553182	 318.245011	 716.115118	 445.777958	 198.424309	 297.764150	 913.211491	 1227.166247
 87	 1086.074278	 622.169441	 358.990442	 807.800512	 502.851642	 223.828899	 335.887382	 1030.131457	 1384.282355
 88	 1221.947994	 700.006174	 403.902071	 908.860687	 565.761078	 251.831094	 377.908695	 1159.006426	 1557.463500
 89	 1370.860259	 785.312182	 453.123456	 1019.618678	 634.707355	 282.520402	 423.962406	 1300.248339	 1747.263245
 90	 1533.023119	 878.208937	 506.724686	 1140.232197	 709.788647	 315.940524	 474.114094	 1454.058319	 1953.951859
 91	 1708.364776	 978.655308	 564.682029	 1270.647845	 790.971713	 352.076662	 528.341555	 1620.368267	 2177.437827
 92	 1896.467139	 1086.411789	 626.857288	 1410.554653	 878.062978	 390.842652	 586.515486	 1798.781627	 2417.188264
 93	 2096.507160	 1201.006887	 692.978416	 1559.340454	 970.681370	 432.068873	 648.381346	 1988.517746	 2672.154132
 94	 2307.207785	 1321.709027	 762.623294	 1716.055400	 1068.235613	 475.492135	 713.544183	 2188.365349	 2940.707731
 95	 2526.805133	 1447.507752	 835.208890	 1879.387554	 1169.909034	 520.748923	 781.458486	 2396.651413	 3220.600867
 96	 2753.038678	 1577.108094	 909.988011	 2047.655578	 1274.655009	 567.373363	 851.425149	 2611.231847	 3508.952326
 97	 2983.170377	 1708.941536	 986.055627	 2218.822973	 1381.205827	 614.801173	 922.597385	 2829.509646	 3802.272275
 98	 3214.036901	 1841.195931	 1062.366131	 2390.536915	 1488.096869	 662.380423	 993.996877	 3048.484420	 4096.528812
 99	 3442.136154	 1971.865064	 1137.761942	 2560.192617	 1593.706666	 709.389367	 1064.540543	 3264.834462	 4387.258255
100	 3663.745636	 2098.816462	 1211.012629	 2725.021355	 1696.311703	 755.060835	 1133.077134	 3475.029016	 4669.716005
101	 3875.066229	 2219.873757	 1280.862430	 2882.197421	 1794.152991	 798.611867	 1198.431707	 3675.464653	 4939.059799
102	 4072.381393	 2332.907892	 1346.082885	 3028.956528	 1885.509777	 839.276522	 1259.454858	 3862.616270	 5190.552636
103	 4252.219289	 2435.929983	 1405.526412	 3162.716389	 1968.774599	 876.339289	 1315.072859	 4033.190859	 5419.769395
104	 4411.504369	 2527.178170	 1458.176422	 3281.189473	 2042.523481	 909.166329	 1364.334543	 4184.271292	 5622.790063
105	 4547.685946	 2605.191265	 1503.189811	 3382.478630	 2105.575457	 937.231972	 1406.451067	 4313.438264	 5796.363600
106	 4658.833806	 2668.863523	 1539.928569	 3465.148204	 2157.036840	 960.138419	 1440.825478	 4418.860987	 5938.029806
107	 4743.694762	 2717.477043	 1567.978466	 3528.266101	 2196.327404	 977.627402	 1467.070207	 4499.350822	 6046.191398
108	 4801.708365	 2750.710765	 1587.154253	 3571.415468	 2223.187661	 989.583417	 1485.011923	 4554.376190	 6120.134045
109	 4832.984142	 2768.627433	 1597.492132	 3594.677771	 2237.668325	 996.029038	 1494.684502	 4584.040977	 6159.997346
110	 4838.246069	 2771.641786	 1599.231407	 3598.591488	 2240.104593	 997.113468	 1496.311844	 4589.031866	 6166.704063
111	 4818.752157	 2760.474486	 1592.787899	 3584.092302	 2231.078925	 993.095970	 1490.283013	 4570.542070	 6141.857624
112	 4776.197985	 2736.096867	 1578.722065	 3552.441353	 2211.376373	 984.325986	 1477.122394	 4530.179830	 6087.619170
113	 4712.612811	 2699.671410	 1557.704654	 3505.147962	 2181.936482	 971.221727	 1457.457572	 4469.869877	 6006.575142
114	 4630.255845	 2652.492328	 1530.482424	 3443.892483	 2143.805263	 954.248791	 1431.987246	 4391.755053	 5901.605071
115	 4531.518724	 2595.929696	 1497.845906	 3370.453771	 2098.090044	 933.900071	 1401.451072	 4298.103803	 5775.757275
116	 4418.838471	 2531.379590	 1460.600632	 3286.644433	 2045.919165	 910.677813	 1366.602742	 4191.227620	 5632.137921
117	 4294.623515	 2460.221704	 1419.542683	 3194.255811	 1988.407726	 885.078370	 1328.187104	 4073.410877	 5473.816730
118	 4161.193874	 2383.785085	 1375.438917	 3095.013490	 1926.629894	 857.579874	 1286.921664	 3946.854091	 5303.750741
119	 4020.735433	 2303.321943	 1329.011855	 2990.543287	 1861.597733	 828.632813	 1243.482445	 3813.630552	 5124.726022
120	 3875.267389	 2219.988994	 1280.928921	 2882.347040	 1794.246128	 798.653324	 1198.493920	 3675.655451	 4939.316193
121	 3726.621422	 2134.835538	 1231.795559	 2771.787117	 1725.423148	 768.018897	 1152.522566	 3534.666119	 4749.855864
122	 3576.430847	 2048.797237	 1182.151642	 2660.078346	 1655.885016	 737.066142	 1106.073515	 3392.211742	 4558.426819
123	 3426.127938	 1962.694584	 1132.470595	 2548.286023	 1586.294872	 706.090236	 1059.589723	 3249.650816	 4366.854594
124	 3276.947647	 1877.235035	 1083.160617	 2437.328681	 1517.224501	 675.345690	 1013.453121	 3108.154683	 4176.713231
125	 3129.936138	 1793.017896	 1034.567507	 2327.984435	 1449.158273	 645.048109	 967.987252	 2968.715619	 3989.336140
126	 2985.962689	 1710.541142	 986.978596	 2220.899839	 1382.498666	 615.376640	 923.460956	 2832.158128	 3805.831284
127	 2845.733808	 1630.209505	 940.627413	 2116.600377	 1317.572790	 586.476889	 880.092732	 2699.152325	 3627.099156
128	 2709.808561	 1552.343253	 895.698751	 2015.501875	 1254.639495	 558.464074	 838.055483	 2570.228480	 3453.852332
129	 2578.614371	 1477.187236	 852.333889	 1917.922237	 1193.896676	 531.426281	 797.481395	 2445.791998	 3286.635589
130	 2452.462674	 1404.919867	 810.635771	 1824.093106	 1135.488527	 505.427696	 758.466786	 2326.138274	 3125.845879
131	 2331.564033	 1335.661768	 770.673995	 1734.171094	 1079.512539	 480.511711	 721.076776	 2211.467026	 2971.751579
132	 2216.042388	 1269.483940	 732.489529	 1648.248386	 1026.026097	 456.703871	 685.349696	 2101.895809	 2824.510660
133	 2105.948261	 1206.415324	 696.099072	 1566.362557	 975.052592	 434.014588	 651.301170	 1997.472543	 2684.187516
134	 2001.270804	 1146.449706	 661.499039	 1488.505540	 926.587002	 412.441625	 618.927844	 1898.186938	 2550.768320
135	 1901.948643	 1089.551928	 628.669142	 1414.631687	 880.600910	 391.972335	 588.210736	 1803.980783	 2424.174847
136	 1807.879528	 1035.663414	 597.575584	 1344.664944	 837.046975	 372.585644	 559.118224	 1714.757093	 2304.276771
137	 1718.928819	 984.707035	 568.173862	 1278.505170	 795.862858	 354.253804	 531.608669	 1630.388164	 2190.902484
138	 1634.936877	 936.591339	 540.411208	 1216.033630	 756.974647	 336.943916	 505.632698	 1550.722580	 2083.848514
139	 1555.725435	 891.214205	 514.228698	 1157.117730	 720.299803	 320.619241	 481.135180	 1475.591256	 1982.887646
140	 1481.103030	 848.465950	 489.563046	 1101.615065	 685.749681	 305.240320	 458.056902	 1404.812592	 1887.775847
141	 1410.869597	 808.231965	 466.348123	 1049.376830	 653.231651	 290.765921	 436.335990	 1338.196828	 1798.258120
142	 1344.820304	 770.394911	 444.516223	 1000.250675	 622.650873	 277.153832	 415.909096	 1275.549681	 1714.073388
143	 1282.748714	 734.836527	 423.999111	 954.083058	 593.911770	 264.361506	 396.712376	 1216.675349	 1634.958535
144	 1224.449372	 701.439115	 404.728876	 910.721163	 566.919215	 252.346603	 378.682289	 1161.378960	 1560.651692
145	 1169.719869	 670.086726	 386.638613	 870.014444	 541.579493	 241.067407	 361.756238	 1109.468530	 1490.894875
146	 1118.362476	 640.666086	 369.662967	 831.815833	 517.801055	 230.483169	 345.873070	 1060.756515	 1425.436062
147	 1070.185398	 613.067323	 353.738540	 795.982678	 495.495101	 220.554362	 330.973469	 1015.061000	 1364.030797
148	 1025.003710	 587.184503	 338.804207	 762.377434	 474.576011	 211.242874	 317.000245	 972.206585	 1306.443379
149	 982.640022	 562.916004	 324.801336	 730.868163	 454.961652	 202.512147	 303.898537	 932.025017	 1252.447711
150	 942.924928	 540.164782	 311.673928	 701.328864	 436.573591	 194.327269	 291.615953	 894.355616	 1201.827874
151	 905.697263	 518.838509	 299.368715	 673.639665	 419.337208	 186.655024	 280.102649	 859.045518	 1154.378449
152	 870.804213	 498.849647	 287.835184	 647.686906	 403.181750	 179.463921	 269.311366	 825.949781	 1109.904664
153	 838.101304	 480.115430	 277.025581	 623.363131	 388.040326	 172.724183	 259.197422	 794.931373	 1068.222377
154	 807.452295	 462.557813	 266.894873	 600.567006	 373.849856	 166.407733	 249.718682	 765.861070	 1029.157938
155	 778.728994	 446.103358	 257.400688	 579.203184	 360.550987	 160.488151	 240.835501	 738.617284	 992.547957
156	 751.811020	 430.683105	 248.503234	 559.182129	 348.087984	 154.940630	 232.510649	 713.085833	 958.238999
157	 726.585519	 416.232403	 240.165210	 540.419902	 336.408594	 149.741910	 224.709224	 689.159678	 926.087225
158	 702.946855	 402.690737	 232.351698	 522.837932	 325.463909	 144.870221	 217.398555	 666.738622	 895.957991
159	 680.796277	 390.001538	 225.030057	 506.362771	 315.208207	 140.305211	 210.548103	 645.729003	 867.725433
160	 660.041577	 378.111983	 218.169809	 490.925837	 305.598795	 136.027878	 204.129351	 626.043361	 841.272027
161	 640.596747	 366.972801	 211.742524	 476.463158	 296.595852	 132.020496	 198.115699	 607.600118	 816.488145
162	 622.381626	 356.538071	 205.721708	 462.915112	 288.162264	 128.266544	 192.482355	 590.323244	 793.271621
163	 605.321570	 346.765033	 200.082685	 450.226181	 280.263469	 124.750639	 187.206236	 574.141938	 771.527312
164	 589.347110	 337.613890	 194.802496	 438.344695	 272.867306	 121.458465	 182.265856	 558.990310	 751.166677
165	 574.393639	 329.047632	 189.859783	 427.222599	 265.943859	 118.376706	 177.641235	 544.807080	 732.107366
166	 560.401096	 321.031852	 185.234695	 416.815223	 259.465321	 115.492985	 173.313797	 531.535281	 714.272830
167	 547.313677	 313.534582	 180.908786	 407.081060	 253.405855	 112.795800	 169.266285	 519.121985	 697.591943
168	 535.079552	 306.526130	 176.864924	 397.981560	 247.741463	 110.274471	 165.482669	 507.518030	 681.998642
169	 523.650599	 299.978931	 173.087204	 389.480932	 242.449866	 107.919080	 161.948066	 496.677774	 667.431592
170	 512.982155	 293.867397	 169.560862	 381.545955	 237.510384	 105.720422	 158.648664	 486.558853	 653.833868
171	 503.032779	 288.167789	 166.272200	 374.145806	 232.903830	 103.669956	 155.571646	 477.121961	 641.152649
172	 493.764030	 282.858085	 163.208513	 367.251894	 228.612405	 101.759761	 152.705124	 468.330638	 629.338939
173	 485.140261	 277.917865	 160.358016	 360.837706	 224.619606	 99.982490	 150.038073	 460.151072	 618.347305
174	 477.128425	 273.328198	 157.709788	 354.878662	 220.910132	 98.331332	 147.560274	 452.551920	 608.135625
175	 469.697896	 269.071539	 155.253705	 349.351981	 217.469802	 96.799975	 145.262253	 445.504131	 598.664863
176	 462.820295	 265.131631	 152.980386	 344.236558	 214.285478	 95.382571	 143.135235	 438.980790	 589.898851
177	 456.469343	 261.493418	 150.881146	 339.512846	 211.344991	 94.073704	 141.171093	 432.956970	 581.804090
178	 450.620705	 258.142963	 148.947940	 335.162745	 208.637075	 92.868359	 139.362300	 427.409591	 574.349566
179	 445.251861	 255.067363	 147.173325	 331.169506	 206.151305	 91.761895	 137.701891	 422.317293	 567.506576
180	 440.341982	 252.254685	 145.550416	 327.517634	 203.878034	 90.750019	 136.183425	 417.660317	 561.248570
181	 435.871805	 249.693895	 144.072846	 324.192806	 201.808345	 89.828760	 134.800945	 413.420395	 555.550998
182	 431.823535	 247.374800	 142.734733	 321.181783	 199.933999	 88.994453	 133.548947	 409.580649	 550.391177
183	 428.180738	 245.287984	 141.530644	 318.472342	 198.247386	 88.243709	 132.422349	 406.125489	 545.748161
184	 424.928250	 243.424761	 140.455569	 316.053206	 196.741487	 87.573405	 131.416461	 403.040534	 541.602624
185	 422.052091	 241.777122	 139.504885	 313.913976	 195.409827	 86.980657	 130.526958	 400.312524	 537.936746
186	 419.539385	 240.337691	 138.674336	 312.045075	 194.246446	 86.462814	 129.749860	 397.929245	 534.734115
187	 417.378283	 239.099681	 137.960006	 310.437691	 193.245857	 86.017433	 129.081502	 395.879460	 531.979630
188	 415.557899	 238.056854	 137.358298	 309.083725	 192.403020	 85.642270	 128.518516	 394.152842	 529.659415
189	 414.068238	 237.203486	 136.865906	 307.975745	 191.713309	 85.335266	 128.057813	 392.739913	 527.760732
190	 412.900146	 236.534331	 136.479805	 307.106941	 191.172483	 85.094534	 127.696560	 391.631988	 526.271911
191	 412.045243	 236.044591	 136.197226	 306.471081	 190.776663	 84.918348	 127.432166	 390.821121	 525.182274
192	 411.495879	 235.729882	 136.015640	 306.062475	 190.522308	 84.805129	 127.262266	 390.300054	 524.482069
193	 411.245082	 235.586210	 135.932741	 305.875938	 190.406190	 84.753443	 127.184703	 390.062176	 524.162410
194	 411.286512	 235.609944	 135.946436	 305.906752	 190.425372	 84.761981	 127.197516	 390.101471	 524.215216
195	 411.614418	 235.797788	 136.054821	 306.150642	 190.577192	 84.829559	 127.298926	 390.412487	 524.633155
196	 412.223596	 236.146762	 136.256179	 306.603737	 190.859241	 84.955104	 127.487325	 390.990287	 525.409599
197	 413.109355	 236.654179	 136.548957	 307.262547	 191.269346	 85.137650	 127.761261	 391.830421	 526.538564
198	 414.267474	 237.317620	 136.931761	 308.123933	 191.805555	 85.376327	 128.119430	 392.928887	 528.014673
199	 415.694174	 238.134920	 137.403342	 309.185084	 192.466116	 85.670355	 128.560662	 394.282098	 529.833108
200	 417.386079	 239.104146	 137.962583	 310.443489	 193.249467	 86.019040	 129.083913	 395.886854	 531.989566
