  1	 0.000066	 0.000011	 0.000010	 0.000046	 0.000011	 0.000025	 0.000048	 0.000010	 0.000015	 0.000014	 0.000033	 0.000012	 0.000010
  2	 0.000270	 0.000044	 0.000041	 0.000189	 0.000047	 0.000104	 0.000198	 0.000043	 0.000062	 0.000056	 0.000134	 0.000050	 0.000043
  3	 0.000628	 0.000102	 0.000094	 0.000438	 0.000109	 0.000242	 0.000461	 0.000099	 0.000144	 0.000130	 0.000312	 0.000117	 0.000099
  4	 0.001159	 0.000188	 0.000174	 0.000809	 0.000202	 0.000447	 0.000851	 0.000183	 0.000265	 0.000239	 0.000575	 0.000215	 0.000184
  5	 0.001888	 0.000306	 0.000283	 0.001318	 0.000329	 0.000728	 0.001385	 0.000299	 0.000432	 0.000390	 0.000936	 0.000350	 0.000299
  6	 0.002842	 0.000461	 0.000426	 0.001984	 0.000495	 0.001096	 0.002086	 0.000450	 0.000650	 0.000587	 0.001410	 0.000528	 0.000450
  7	 0.004055	 0.000657	 0.000608	 0.002831	 0.000706	 0.001564	 0.002976	 0.000642	 0.000928	 0.000837	 0.002011	 0.000753	 0.000642
  8	 0.005566	 0.000902	 0.000835	 0.003886	 0.000969	 0.002146	 0.004086	 0.000881	 0.001273	 0.001149	 0.002761	 0.001033	 0.000882
  9	 0.007421	 0.001203	 0.001113	 0.005180	 0.001292	 0.002861	 0.005446	 0.001174	 0.001698	 0.001532	 0.003681	 0.001378	 0.001175
 10	 0.009669	 0.001567	 0.001450	 0.006750	 0.001683	 0.003729	 0.007097	 0.001530	 0.002212	 0.001996	 0.004796	 0.001795	 0.001532
 11	 0.012372	 0.002006	 0.001855	 0.008637	 0.002154	 0.004771	 0.009081	 0.001958	 0.002830	 0.002554	 0.006137	 0.002297	 0.001960
 12	 0.015598	 0.002528	 0.002339	 0.010889	 0.002716	 0.006015	 0.011449	 0.002468	 0.003568	 0.003220	 0.007736	 0.002896	 0.002471
 13	 0.019425	 0.003149	 0.002912	 0.013561	 0.003382	 0.007491	 0.014258	 0.003074	 0.004444	 0.004010	 0.009635	 0.003606	 0.003077
 14	 0.023945	 0.003882	 0.003590	 0.016716	 0.004169	 0.009234	 0.017575	 0.003789	 0.005478	 0.004943	 0.011877	 0.004445	 0.003793
 15	 0.029262	 0.004743	 0.004387	 0.020428	 0.005095	 0.011284	 0.021478	 0.004631	 0.006694	 0.006041	 0.014514	 0.005432	 0.004635
 16	 0.035496	 0.005754	 0.005322	 0.024781	 0.006180	 0.013688	 0.026054	 0.005617	 0.008120	 0.007328	 0.017606	 0.006590	 0.005623
 17	 0.042786	 0.006936	 0.006415	 0.029870	 0.007449	 0.016499	 0.031404	 0.006771	 0.009787	 0.008832	 0.021222	 0.007943	 0.006777
 18	 0.051290	 0.008314	 0.007690	 0.035807	 0.008930	 0.019778	 0.037646	 0.008117	 0.011733	 0.010588	 0.025440	 0.009522	 0.008125
 19	 0.061192	 0.009919	 0.009175	 0.042719	 0.010654	 0.023597	 0.044914	 0.009684	 0.013998	 0.012632	 0.030351	 0.011360	 0.009693
 20	 0.072702	 0.011785	 0.010901	 0.050755	 0.012658	 0.028035	 0.053363	 0.011505	 0.016631	 0.015008	 0.036060	 0.013497	 0.011516
 21	 0.086063	 0.013951	 0.012904	 0.060082	 0.014984	 0.033188	 0.063169	 0.013619	 0.019687	 0.017766	 0.042687	 0.015978	 0.013633
 22	 0.101552	 0.016462	 0.015227	 0.070896	 0.017681	 0.039161	 0.074538	 0.016071	 0.023231	 0.020964	 0.050370	 0.018853	 0.016086
 23	 0.119492	 0.019370	 0.017916	 0.083420	 0.020804	 0.046079	 0.087706	 0.018910	 0.027334	 0.024667	 0.059268	 0.022184	 0.018928
 24	 0.140250	 0.022735	 0.021029	 0.097912	 0.024418	 0.054083	 0.102942	 0.022195	 0.032083	 0.028952	 0.069564	 0.026038	 0.022216
 25	 0.164251	 0.026625	 0.024628	 0.114667	 0.028597	 0.063339	 0.120559	 0.025993	 0.037573	 0.033907	 0.081468	 0.030493	 0.026018
 26	 0.191984	 0.031121	 0.028786	 0.134028	 0.033426	 0.074033	 0.140914	 0.030382	 0.043917	 0.039632	 0.095224	 0.035642	 0.030411
 27	 0.224010	 0.036312	 0.033588	 0.156386	 0.039002	 0.086383	 0.164421	 0.035450	 0.051243	 0.046243	 0.111108	 0.041588	 0.035484
 28	 0.260975	 0.042304	 0.039130	 0.182192	 0.045437	 0.100637	 0.191553	 0.041299	 0.059700	 0.053874	 0.129443	 0.048450	 0.041340
 29	 0.303623	 0.049217	 0.045525	 0.211966	 0.052863	 0.117084	 0.222856	 0.048049	 0.069456	 0.062678	 0.150596	 0.056368	 0.048095
 30	 0.352810	 0.057191	 0.052900	 0.246305	 0.061427	 0.136051	 0.258959	 0.055833	 0.080708	 0.072832	 0.174993	 0.065500	 0.055887
 31	 0.409521	 0.066383	 0.061403	 0.285895	 0.071300	 0.157920	 0.300584	 0.064807	 0.093680	 0.084539	 0.203121	 0.076028	 0.064870
 32	 0.474887	 0.076979	 0.071204	 0.331529	 0.082681	 0.183127	 0.348562	 0.075151	 0.108633	 0.098033	 0.235543	 0.088164	 0.075224
 33	 0.550212	 0.089189	 0.082498	 0.384114	 0.095796	 0.212173	 0.403850	 0.087071	 0.125864	 0.113582	 0.272904	 0.102148	 0.087156
 34	 0.636994	 0.103257	 0.095510	 0.444699	 0.110905	 0.245639	 0.467547	 0.100805	 0.145716	 0.131497	 0.315947	 0.118259	 0.100903
 35	 0.736959	 0.119461	 0.110499	 0.514487	 0.128310	 0.284187	 0.540921	 0.116625	 0.168584	 0.152134	 0.365530	 0.136818	 0.116738
 36	 0.852092	 0.138124	 0.127761	 0.594863	 0.148355	 0.328585	 0.625426	 0.134844	 0.194921	 0.175901	 0.422635	 0.158193	 0.134976
 37	 0.984674	 0.159616	 0.147640	 0.687422	 0.171439	 0.379712	 0.722741	 0.155826	 0.225250	 0.203271	 0.488396	 0.182807	 0.155977
 38	 1.137333	 0.184362	 0.170530	 0.793997	 0.198018	 0.438580	 0.834791	 0.179984	 0.260172	 0.234785	 0.564114	 0.211149	 0.180159
 39	 1.313091	 0.212852	 0.196883	 0.916697	 0.228618	 0.506357	 0.963796	 0.207798	 0.300378	 0.271067	 0.651290	 0.243779	 0.208000
 40	 1.515425	 0.245650	 0.227221	 1.057951	 0.263846	 0.584381	 1.112307	 0.239818	 0.346663	 0.312836	 0.751647	 0.281342	 0.240051
 41	 1.748335	 0.283405	 0.262143	 1.220551	 0.304398	 0.674196	 1.283261	 0.276676	 0.399942	 0.360917	 0.867170	 0.324583	 0.276945
 42	 2.016423	 0.326862	 0.302339	 1.407709	 0.351074	 0.777577	 1.480035	 0.319101	 0.461269	 0.416259	 1.000141	 0.374354	 0.319412
 43	 2.325401	 0.376947	 0.348667	 1.623414	 0.404869	 0.896726	 1.706821	 0.367997	 0.531950	 0.480043	 1.153393	 0.431717	 0.368356
 44	 2.768985	 0.448852	 0.415177	 1.933089	 0.482100	 1.067781	 2.032407	 0.438195	 0.633422	 0.571614	 1.373410	 0.514069	 0.438621
 45	 3.278767	 0.531487	 0.491613	 2.288979	 0.570857	 1.264364	 2.406583	 0.518869	 0.750038	 0.676851	 1.626260	 0.608712	 0.519374
 46	 3.864605	 0.626452	 0.579453	 2.697965	 0.672855	 1.490276	 2.836582	 0.611578	 0.884052	 0.797788	 1.916835	 0.717474	 0.612173
 47	 4.537821	 0.735580	 0.680394	 3.167952	 0.790067	 1.749883	 3.330715	 0.718116	 1.038055	 0.936763	 2.250748	 0.842458	 0.718814
 48	 5.311421	 0.860980	 0.796386	 3.708019	 0.924756	 2.048200	 3.898530	 0.840539	 1.215020	 1.096461	 2.634452	 0.986079	 0.841357
 49	 6.200348	 1.005075	 0.929670	 4.328598	 1.079525	 2.390990	 4.550994	 0.981213	 1.418368	 1.279967	 3.075357	 1.151111	 0.982167
 50	 7.221766	 1.170647	 1.082820	 5.041673	 1.257361	 2.784871	 5.300705	 1.142853	 1.652024	 1.490823	 3.581978	 1.340740	 1.143965
 51	 8.395395	 1.360891	 1.258792	 5.861009	 1.461698	 3.237448	 6.162137	 1.328582	 1.920498	 1.733101	 4.164095	 1.558627	 1.329874
 52	 9.474967	 1.535890	 1.420662	 6.614682	 1.649659	 3.653755	 6.954532	 1.499425	 2.167457	 1.955962	 4.699560	 1.759053	 1.500884
 53	 10.717100	 1.737239	 1.606905	 7.481843	 1.865924	 4.132749	 7.866246	 1.695994	 2.451603	 2.212381	 5.315656	 1.989658	 1.697644
 54	 12.146244	 1.968903	 1.821189	 8.479559	 2.114748	 4.683858	 8.915223	 1.922158	 2.778528	 2.507406	 6.024507	 2.254983	 1.924028
 55	 13.790516	 2.235439	 2.067728	 9.627461	 2.401027	 5.317925	 10.122103	 2.182366	 3.154666	 2.846841	 6.840062	 2.560246	 2.184489
 56	 15.682259	 2.542090	 2.351373	 10.948129	 2.730393	 6.047423	 11.510623	 2.481737	 3.587413	 3.237363	 7.778362	 2.911453	 2.484151
 57	 17.858668	 2.894886	 2.677701	 12.467528	 3.109322	 6.886694	 13.108086	 2.826156	 4.085280	 3.686649	 8.857856	 3.315510	 2.828905
 58	 20.362522	 3.300760	 3.053124	 14.215523	 3.545260	 7.852235	 14.945890	 3.222394	 4.658052	 4.203531	 10.099761	 3.780357	 3.225529
 59	 23.243010	 3.767686	 3.485020	 16.226454	 4.046774	 8.963014	 17.060140	 3.678235	 5.316982	 4.798164	 11.528476	 4.315127	 3.681813
 60	 26.556696	 4.304834	 3.981869	 18.539811	 4.623710	 10.240844	 19.492353	 4.202630	 6.075008	 5.482224	 13.172056	 4.930322	 4.206718
 61	 30.368615	 4.922745	 4.553422	 21.200996	 5.287393	 11.710804	 22.290264	 4.805871	 6.947008	 6.269137	 15.062759	 5.638015	 4.810546
 62	 34.753535	 5.633540	 5.210890	 24.262204	 6.050838	 13.401725	 25.508752	 5.499790	 7.950085	 7.174336	 17.237668	 6.452087	 5.505140
 63	 39.797400	 6.451149	 5.967159	 27.783437	 6.929011	 15.346749	 29.210899	 6.297988	 9.103900	 8.215565	 19.739412	 7.388495	 6.304114
 64	 45.598992	 7.391586	 6.837041	 31.833656	 7.939110	 17.583971	 33.469210	 7.216097	 10.431050	 9.413215	 22.616988	 8.465576	 7.223116
 65	 52.271831	 8.473251	 7.837556	 36.492111	 9.100899	 20.157164	 38.367008	 8.272082	 11.957503	 10.790721	 25.926699	 9.704406	 8.280128
 66	 59.946345	 9.717288	 8.988260	 41.849857	 10.437087	 23.116624	 44.000026	 9.486583	 13.713096	 12.375007	 29.733240	 11.129201	 9.495811
 67	 68.772365	 11.147984	 10.311620	 48.011495	 11.973760	 26.520131	 50.478238	 10.883311	 15.732102	 14.197004	 34.110924	 12.767775	 10.893898
 68	 78.921965	 12.793231	 11.833435	 55.097154	 13.740878	 30.434039	 57.927944	 12.489498	 18.053886	 16.292234	 39.145100	 14.652076	 12.501647
 69	 90.592713	 14.685057	 13.583329	 63.244759	 15.772838	 34.934536	 66.494158	 14.336408	 20.723641	 18.701482	 44.933763	 16.818782	 14.350354
 70	 104.011377	 16.860219	 15.595302	 72.612622	 18.109123	 40.109067	 76.343326	 16.459929	 23.793243	 21.471560	 51.589387	 19.309993	 16.475940
 71	 119.438147	 19.360894	 17.908367	 83.382389	 20.795034	 46.057967	 87.666423	 18.901234	 27.322212	 24.656181	 59.241027	 22.174015	 18.919620
 72	 137.171437	 22.235456	 20.567269	 95.762387	 23.882527	 52.896312	 100.682483	 21.707549	 31.378811	 28.316948	 68.036695	 25.466248	 21.728665
 73	 157.553336	 25.539357	 23.623299	 109.991437	 27.431161	 60.756019	 115.642596	 24.933009	 36.041296	 32.524480	 78.146066	 29.250203	 24.957263
 74	 180.975789	 29.336131	 27.135224	 126.343165	 31.509177	 69.788231	 132.834445	 28.639641	 41.399326	 37.359688	 89.763546	 33.598645	 28.667501
 75	 207.887578	 33.698525	 31.170336	 145.130875	 36.194712	 80.166007	 152.587434	 32.898465	 47.555564	 42.915216	 103.111727	 38.594892	 32.930467
 76	 238.802191	 38.709776	 35.805624	 166.713044	 41.577167	 92.087359	 175.278455	 37.790741	 54.627472	 49.297065	 118.445299	 44.334273	 37.827502
 77	 274.306664	 44.465043	 41.129109	 191.499495	 47.758749	 105.778662	 201.338388	 43.409367	 62.749338	 56.626422	 136.055430	 50.925775	 43.451594
 78	 315.071466	 51.073007	 47.241319	 219.958297	 54.856192	 121.498464	 231.259352	 49.860448	 72.074538	 65.041693	 156.274671	 58.493871	 49.908950
 79	 361.861522	 58.657664	 54.256946	 252.623461	 63.002675	 139.541735	 265.602792	 57.265032	 82.778051	 74.700785	 179.482424	 67.180571	 57.320737
 80	 415.548403	 67.360294	 62.306672	 290.103449	 72.349945	 160.244573	 305.008433	 65.761047	 95.059256	 85.783622	 206.110984	 77.147686	 65.825016
 81	 477.123749	 77.341642	 71.539183	 333.090548	 83.070652	 183.989376	 350.204131	 75.505421	 109.144996	 98.494912	 236.652204	 88.579316	 75.578870
 82	 547.713916	 88.784291	 82.123361	 382.371091	 95.360905	 211.210492	 402.016617	 86.676402	 125.292931	 113.067174	 271.664753	 101.684572	 86.760717
 83	 628.595800	 101.895224	 94.250663	 438.836507	 109.443018	 242.400319	 461.383123	 99.476059	 143.795160	 129.764003	 311.781969	 116.700513	 99.572826
 84	 721.213745	 116.908571	 108.137652	 503.495125	 125.568464	 278.115830	 529.363783	 114.132963	 164.982085	 148.883564	 357.720241	 133.895285	 114.243988
 85	 827.197317	 134.088482	 124.028662	 577.484580	 144.020961	 318.985418	 607.154681	 130.904994	 189.226480	 170.762254	 410.287832	 153.571423	 131.032334
 86	 948.379644	 153.732107	 142.198549	 662.084619	 165.119670	 365.715980	 696.101315	 150.082247	 216.947684	 195.778495	 470.393968	 176.069250	 150.228241
 87	 1086.815852	 176.172582	 162.955456	 758.729970	 189.222402	 419.100016	 797.712127	 171.989947	 248.615819	 224.356536	 539.057986	 201.770307	 172.157252
 88	 1244.800951	 201.781928	 186.643492	 869.022831	 216.728737	 480.022534	 913.671633	 196.991283	 284.755883	 256.970147	 617.418206	 231.100669	 197.182909
 89	 1424.886303	 230.973719	 213.645206	 994.744363	 248.082883	 549.467393	 1045.852508	 225.490012	 325.951516	 294.146018	 706.740097	 264.534002	 225.709361
 90	 1629.893533	 264.205341	 244.383667	 1137.864404	 283.776106	 628.522675	 1196.325795	 257.932659	 372.848182	 336.466630	 808.423178	 302.594150	 258.183566
 91	 1862.924452	 301.979595	 279.323956	 1300.548397	 324.348453	 718.384506	 1367.368193	 294.810089	 426.155440	 384.572304	 924.005940	 345.856971	 295.096869
 92	 2127.365243	 344.845382	 318.973791	 1485.160310	 370.389484	 820.358672	 1561.465128	 336.658170	 486.647899	 439.162067	 1055.167921	 394.951121	 336.985658
 93	 2426.882835	 393.397110	 363.882987	 1694.260107	 422.537636	 935.859221	 1781.308090	 384.057197	 555.164393	 500.992900	 1203.727909	 450.557373	 384.430794
 94	 2765.411096	 448.272458	 414.641380	 1930.594107	 481.477824	 1066.403139	 2029.784498	 437.629712	 632.604817	 570.876890	 1371.637092	 513.406062	 438.055421
 95	 3147.124250	 510.148066	 471.874849	 2197.076428	 547.936811	 1213.600099	 2309.958193	 498.036288	 719.924051	 649.675742	 1560.965877	 584.272143	 498.520760
 96	 3576.394878	 579.732729	 536.239010	 2496.759663	 622.675894	 1379.136263	 2625.038605	 565.968894	 818.122351	 738.292108	 1773.883051	 663.967399	 566.519447
 97	 4057.733940	 657.757673	 608.410230	 2832.793014	 706.480462	 1564.751157	 2978.336734	 642.141393	 928.231625	 837.657206	 2012.626040	 753.329300	 642.766045
 98	 4595.710747	 744.963581	 689.073625	 3208.366416	 800.146067	 1772.206807	 3373.206410	 727.276886	 1051.297132	 948.714303	 2279.461211	 853.206151	 727.984353
 99	 5194.851565	 842.084160	 778.907855	 3626.639755	 904.460763	 2003.248640	 3812.969867	 822.091658	 1188.354284	 1072.397775	 2576.633581	 964.438267	 822.891358
100	 5859.516798	 949.826230	 878.566712	 4090.657124	 1020.183728	 2259.558124	 4300.827600	 927.275749	 1340.400549	 1209.607763	 2906.305900	 1087.835169	 928.177769
101	 6593.758350	 1068.846605	 988.657733	 4603.247247	 1148.020427	 2542.697763	 4839.753665	 1043.470379	 1508.362825	 1361.180718	 3270.487901	 1224.149102	 1044.485428
102	 7401.160859	 1199.726353	 1109.718392	 5166.912638	 1288.594971	 2854.049869	 5432.379152	 1171.242821	 1693.061121	 1527.856637	 3670.957557	 1374.045566	 1172.382162
103	 8284.672768	 1342.943416	 1242.190775	 5783.711669	 1442.420705	 3194.751429	 6080.868189	 1311.059668	 1895.169910	 1710.244178	 4109.177288	 1538.071945	 1312.335018
104	 9246.435539	 1498.844924	 1386.395969	 6455.139342	 1609.870473	 3565.628236	 6786.792587	 1463.259811	 2115.179066	 1908.785415	 4586.209253	 1716.625809	 1464.683216
105	 10287.621276	 1667.620875	 1542.509717	 7182.013930	 1791.148347	 3967.132281	 7551.012660	 1628.028736	 2353.356715	 2123.722311	 5102.634814	 1909.924762	 1629.612422
106	 11408.290306	 1849.281049	 1710.541065	 7964.377546	 1986.264830	 4399.286825	 8373.572687	 1805.375991	 2609.716656	 2355.067318	 5658.483893	 2117.980004	 1807.132193
107	 12607.280481	 2043.637061	 1890.315762	 8801.418870	 2195.017584	 4861.643720	 9253.619663	 1995.117662	 2883.993041	 2602.580530	 6253.180066	 2340.575779	 1997.058439
108	 13882.138919	 2250.291300	 2081.466026	 9691.425492	 2416.979544	 5353.257079	 10189.353196	 2196.865580	 3175.624759	 2865.755586	 6885.506711	 2577.256702	 2199.002609
109	 15229.104426	 2468.634077	 2283.427911	 10631.771640	 2651.495860	 5872.676506	 11178.012607	 2410.024530	 3483.751413	 3143.816046	 7553.598285	 2827.324497	 2412.368912
110	 16643.145270	 2697.849749	 2495.446966	 11618.944550	 2897.690471	 6417.961653	 12215.904656	 2633.798235	 3807.221963	 3435.723185	 8254.959061	 3089.845011	 2636.360296
111	 18118.052528	 2936.931853	 2716.592236	 12648.609639	 3154.482360	 6986.718224	 13298.472052	 2867.204126	 4144.616081	 3740.195265	 8986.509429	 3363.665540	 2869.993235
112	 19646.584644	 3184.706532	 2945.777932	 13715.711416	 3420.610719	 7576.153715	 14420.399566	 3109.096215	 4494.277214	 4055.737378	 9744.657593	 3647.441668	 3112.120628
113	 21220.654604	 3439.862885	 3181.791500	 14814.604161	 3694.667543	 8183.149597	 15575.751409	 3358.194725	 4854.355410	 4380.680084	 10525.392416	 3939.672021	 3361.461452
114	 22831.547949	 3700.988299	 3423.326309	 15939.204118	 3975.135580	 8804.345383	 16758.131253	 3613.120581	 5222.857182	 4713.224415	 11324.391548	 4238.738735	 3616.635290
115	 24470.157929	 3966.606574	 3669.016906	 17083.153665	 4260.429282	 9436.229312	 17960.854834	 3872.432628	 5597.699305	 5051.490422	 12137.138062	 4542.951118	 3876.199586
116	 26127.223798	 4235.216543	 3917.474751	 18239.987673	 4548.936286	 10075.230236	 19177.124856	 4134.665343	 5976.763326	 5393.566366	 12959.038651	 4850.589886	 4138.687391
117	 27793.559223	 4505.329105	 4167.322457	 19403.292961	 4839.057186	 10717.805704	 20400.198641	 4398.364976	 6357.947815	 5737.555868	 13785.536918	 5159.949572	 4402.643541
118	 29460.259939	 4775.500880	 4417.224936	 20566.853267	 5129.241686	 11360.522036	 21623.540546	 4662.122417	 6739.215867	 6081.620779	 14612.216368	 5469.377076	 4666.657555
119	 31118.882569	 5044.363200	 4665.916198	 21724.774084	 5418.019733	 12000.123281	 22840.953215	 4924.601490	 7118.636007	 6424.018092	 15434.889107	 5777.304861	 4929.391959
120	 32761.589571	 5310.645601	 4912.221096	 22871.583852	 5704.026755	 12633.587111	 24046.683970	 5184.561896	 7494.415349	 6763.129867	 16249.667734	 6082.277866	 5189.605245
121	 34381.258237	 5573.193492	 5155.071663	 24002.310053	 5986.022639	 13258.166854	 25235.504814	 5440.876458	 7864.924530	 7097.485729	 17053.019403	 6382.973743	 5446.169139
122	 35971.554168	 5830.980071	 5393.518128	 25112.530504	 6262.904520	 13871.419826	 26402.766359	 5692.542747	 8228.714516	 7425.778039	 17841.802268	 6678.216491	 5698.080240
123	 37526.971658	 6083.112863	 5626.734974	 26198.401550	 6533.713815	 14471.222906	 27544.427472	 5938.689480	 8584.525845	 7746.870227	 18613.285511	 6966.983962	 5944.466416
124	 39042.844780	 6328.835523	 5854.022601	 27256.665806	 6797.638153	 15055.776812	 28657.063409	 6178.578269	 8931.291156	 8059.799084	 19365.154846	 7248.409914	 6184.588559
125	 40515.333782	 6567.525627	 6074.805281	 28284.642657	 7054.009007	 15623.600850	 29737.855830	 6411.601467	 9268.132082	 8363.771952	 20095.505765	 7521.781487	 6417.838434
126	 41941.391680	 6798.689261	 6288.626154	 29280.204937	 7302.295873	 16173.520036	 30784.568277	 6637.276885	 9594.351607	 8658.159828	 20802.826970	 7786.532999	 6643.733381
127	 43318.715872	 7021.953174	 6495.139972	 30241.745147	 7542.097852	 16704.646437	 31795.510664	 6855.240135	 9909.422997	 8942.487374	 21485.976376	 8042.236967	 6861.908657
128	 44645.689250	 7237.055231	 6694.104269	 31168.134351	 7773.133396	 17216.356460	 32769.496050	 7065.235306	 10212.976328	 9216.420764	 22144.151903	 8288.593170	 7072.108104
129	 45921.314741	 7443.833809	 6885.369544	 32058.676470	 7995.228906	 17708.265613	 33705.792593	 7267.104611	 10504.783514	 9479.754167	 22776.859005	 8525.416499	 7274.173780
130	 47145.146624	 7642.216656	 7068.868967	 32913.060336	 8208.306778	 18180.202015	 34604.073138	 7460.777514	 10784.742594	 9732.395570	 23383.876605	 8752.624204	 7468.035080
131	 48317.221324	 7832.209676	 7244.608000	 33731.311377	 8412.373355	 18632.179713	 35464.364419	 7646.259778	 11052.861898	 9974.352493	 23965.222769	 8970.223047	 7653.697775
132	 49437.989805	 8013.885971	 7412.654259	 34513.744422	 8607.507153	 19064.372608	 36286.997443	 7823.622771	 11309.244590	 10205.718031	 24521.121175	 9178.296752	 7831.233299
133	 50508.253127	 8187.375392	 7573.127855	 35260.918709	 8793.847642	 19477.089606	 37072.560177	 7992.993260	 11554.073915	 10426.657550	 25051.969147	 9376.994038	 8000.768545
134	 51529.102255	 8352.854784	 7726.192364	 35973.595863	 8971.584767	 19870.751408	 37821.853379	 8154.543891	 11787.599439	 10637.396263	 25558.307800	 9566.517444	 8162.476328
135	 52501.862823	 8510.539033	 7872.046550	 36652.701340	 9140.949331	 20245.869207	 38535.850052	 8308.484449	 12010.124409	 10838.207827	 26040.794646	 9747.113079	 8316.566633
136	 53428.045224	 8660.672972	 8010.916879	 37299.289577	 9302.204302	 20603.025444	 39215.658809	 8455.053955	 12221.994336	 11029.404040	 26500.178835	 9919.061351	 8463.278716
137	 54309.300147	 8803.524177	 8143.050853	 37914.512956	 9455.637079	 20942.856660	 39862.491240	 8594.513631	 12423.586826	 11211.325661	 26937.279106	 10082.668715	 8602.874054
138	 55147.379489	 8939.376632	 8268.711149	 38499.594517	 9601.552679	 21266.038426	 40477.633221	 8727.140720	 12615.302636	 11384.334344	 27352.964396	 10238.260416	 8735.630157
139	 55944.102433	 9068.525225	 8388.170531	 39055.804270	 9740.267834	 21573.272259	 41062.420012	 8853.223107	 12797.557915	 11548.805629	 27748.137014	 10386.174189	 8861.835192
140	 56701.326375	 9191.271040	 8501.707495	 39584.438902	 9872.105931	 21865.274410	 41618.214925	 8973.054728	 12970.777555	 11705.122948	 28123.718224	 10526.754866	 8981.783381
141	 57420.922340	 9307.917369	 8609.602580	 40086.804620	 9997.392729	 22142.766388	 42146.391273	 9086.931675	 13135.389563	 11853.672546	 28480.636050	 10660.349806	 9095.771104
142	 58104.754485	 9418.766391	 8712.135294	 40564.202831	 10116.452790	 22406.467054	 42648.317331	 9195.148955	 13291.820377	 11994.839250	 28819.815110	 10787.305097	 9204.093653
143	 58754.663267	 9524.116444	 8809.581592	 41017.918399	 10229.606551	 22657.086127	 43125.343974	 9297.997820	 13440.491013	 12129.002993	 29142.168265	 10907.962423	 9307.042566
144	 59372.451868	 9624.259824	 8902.211841	 41449.210163	 10337.167959	 22895.318954	 43578.794720	 9395.763627	 13581.813959	 12256.536015	 29448.589889	 11022.656551	 9404.903475
145	 59959.875479	 9719.481047	 8990.289211	 41859.303463	 10439.442605	 23121.842376	 44009.957863	 9488.724137	 13716.190727	 12377.800649	 29739.950553	 11131.713335	 9497.954414
146	 60518.633075	 9810.055516	 9074.068444	 42249.384390	 10536.726294	 23337.311553	 44420.080434	 9577.148214	 13844.009968	 12493.147622	 30017.092945	 11235.448197	 9586.464507
147	 61050.361329	 9896.248535	 9153.794940	 42620.595540	 10629.303981	 23542.357624	 44810.363734	 9661.294865	 13965.646080	 12602.914800	 30280.828849	 11334.164988	 9670.693013
148	 61556.630343	 9978.314617	 9229.704118	 42974.033036	 10717.449033	 23737.586054	 45181.960202	 9741.412560	 14081.458235	 12707.426307	 30531.937033	 11428.155202	 9750.888643
149	 62038.940919	 10056.497043	 9302.021006	 43310.744623	 10801.422749	 23923.575585	 45535.971413	 9817.738803	 14191.789749	 12806.991960	 30771.161891	 11517.697468	 9827.289133
150	 62498.723118	 10131.027624	 9370.960024	 43631.728655	 10881.474114	 24100.877680	 45873.447017	 9890.499902	 14296.967758	 12901.906974	 30999.212729	 11603.057278	 9900.121012
151	 62937.335861	 10202.126642	 9436.724927	 43937.933826	 10957.839726	 24270.016369	 46195.384449	 9959.910909	 14397.303124	 12992.451877	 31216.763569	 11684.486923	 9969.599539
152	 63356.067401	 10270.002921	 9499.508874	 44230.259493	 11030.743878	 24431.488429	 46502.729274	 10026.175691	 14493.090542	 13078.892609	 31424.453382	 11762.225567	 10035.928781
153	 63756.136472	 10334.854019	 9559.494600	 44509.556481	 11100.398761	 24585.763833	 46796.376031	 10089.487114	 14584.608806	 13161.480759	 31622.886656	 11836.499474	 10099.301791
154	 64138.693987	 10396.866498	 9616.854671	 44776.628269	 11167.004757	 24733.286397	 47077.169478	 10150.027312	 14672.121193	 13240.453916	 31812.634241	 11907.522314	 10159.900880
155	 64504.825138	 10456.216268	 9671.751798	 45032.232451	 11230.750805	 24874.474595	 47345.906135	 10207.968018	 14755.875948	 13316.036101	 31994.234390	 11975.495554	 10217.897948
156	 64855.551810	 10513.068975	 9724.339203	 45277.082429	 11291.814824	 25009.722488	 47603.336057	 10263.470945	 14836.106834	 13388.438266	 32168.193955	 12040.608910	 10273.454867
157	 65191.835206	 10567.580430	 9774.761005	 45511.849240	 11350.364165	 25139.400737	 47850.164757	 10316.688207	 14913.033731	 13457.858838	 32334.989692	 12103.040834	 10326.723896
158	 65514.578623	 10619.897059	 9823.152644	 45737.163494	 11406.556099	 25263.857674	 48087.055245	 10367.762750	 14986.863275	 13524.484288	 32495.069631	 12162.959024	 10377.848123
159	 65824.630291	 10670.156358	 9869.641302	 45953.617360	 11460.538309	 25383.420394	 48314.630114	 10416.828808	 15057.789504	 13588.489720	 32648.854495	 12220.520956	 10426.961911
160	 66122.786262	 10718.487367	 9914.346339	 46161.766580	 11512.449394	 25498.395872	 48533.473660	 10464.012358	 15125.994518	 13650.039467	 32796.739122	 12275.874420	 10474.191359
161	 66409.793277	 10765.011134	 9957.379718	 46362.132468	 11562.419365	 25609.072069	 48744.133981	 10509.431572	 15191.649140	 13709.287682	 32939.093895	 12329.158050	 10519.654755
162	 66686.351591	 10809.841168	 9998.846436	 46555.203889	 11610.570143	 25715.719017	 48947.125059	 10553.197265	 15254.913557	 13766.378923	 33076.266137	 12380.501850	 10563.463022
163	 66953.117738	 10853.083895	 10038.844932	 46741.439184	 11657.016035	 25818.589891	 49142.928782	 10595.413337	 15315.937956	 13821.448720	 33208.581489	 12430.027708	 10605.720159
164	 67210.707206	 10894.839084	 10077.467490	 46921.268039	 11701.864201	 25917.922037	 49331.996914	 10636.177187	 15374.863133	 13874.624133	 33336.345231	 12477.849891	 10646.523664
165	 67459.697014	 10935.200271	 10114.800630	 47095.093282	 11745.215105	 26013.937965	 49514.752980	 10675.580131	 15431.821085	 13926.024276	 33459.843562	 12524.075523	 10685.964937
166	 67700.628181	 10974.255154	 10150.925469	 47263.292611	 11787.162942	 26106.846304	 49691.594083	 10713.707785	 15486.935573	 13975.760836	 33579.344828	 12568.805047	 10724.129680
167	 67934.008076	 11012.085977	 10185.918082	 47426.220231	 11827.796049	 26196.842708	 49862.892627	 10750.640440	 15540.322661	 14023.938552	 33695.100681	 12612.132657	 10761.098263
168	 68160.312659	 11048.769894	 10219.849835	 47584.208422	 11867.197293	 26284.110716	 50028.997961	 10786.453419	 15592.091227	 14070.655677	 33807.347196	 12654.146716	 10796.946079
169	 68379.988591	 11084.379309	 10252.787698	 47737.569006	 11905.444442	 26368.822571	 50190.237931	 10821.217406	 15642.343450	 14116.004418	 33916.305918	 12694.930148	 10831.743883
170	 68593.455237	 11118.982199	 10284.794550	 47886.594750	 11942.610510	 26451.139989	 50346.920346	 10854.998766	 15691.175259	 14160.071348	 34022.184848	 12734.560809	 10865.558104
171	 68801.106539	 11152.642424	 10315.929459	 48031.560676	 11978.764085	 26531.214883	 50499.334355	 10887.859840	 15738.676773	 14202.937788	 34125.179383	 12773.111836	 10898.451144
172	 69003.312787	 11185.420007	 10346.247945	 48172.725291	 12013.969637	 26609.190045	 50647.751750	 10919.859228	 15784.932698	 14244.680180	 34225.473184	 12810.651974	 10930.481660
173	 69200.422276	 11217.371407	 10375.802231	 48310.331746	 12048.287807	 26685.199784	 50792.428172	 10951.052047	 15830.022707	 14285.370424	 34323.239005	 12847.245884	 10961.704822
174	 69392.762851	 11248.549767	 10404.641474	 48444.608917	 12081.775675	 26759.370527	 50933.604259	 10981.490180	 15874.021798	 14325.076198	 34418.639456	 12882.954433	 10992.172564
175	 69580.643364	 11279.005152	 10432.811982	 48575.772422	 12114.487014	 26831.821371	 51071.506705	 11011.222503	 15917.000622	 14363.861261	 34511.827728	 12917.834959	 11021.933809
176	 69764.355021	 11308.784766	 10460.357418	 48704.025557	 12146.472526	 26902.664613	 51206.349251	 11040.295099	 15959.025795	 14401.785727	 34602.948257	 12951.941526	 11051.034686
177	 69944.172652	 11337.933160	 10487.318990	 48829.560187	 12177.780060	 26972.006234	 51338.333621	 11068.751460	 16000.160185	 14438.906331	 34692.137359	 12985.325157	 11079.518729
178	 70120.355884	 11366.492418	 10513.735626	 48952.557563	 12208.454819	 27039.946350	 51467.650377	 11096.632674	 16040.463184	 14475.276669	 34779.523808	 13018.034051	 11107.427064
179	 70293.150239	 11394.502341	 10539.644140	 49073.189091	 12238.539550	 27106.579641	 51594.479732	 11123.977593	 16079.990957	 14510.947425	 34865.229383	 13050.113791	 11134.798584
180	 70462.788159	 11422.000606	 10565.079382	 49191.617041	 12268.074724	 27171.995742	 51718.992293	 11150.823003	 16118.796676	 14545.966583	 34949.369373	 13081.607531	 11161.670108
181	 70629.489954	 11449.022926	 10590.074386	 49307.995218	 12297.098697	 27236.279608	 51841.349768	 11177.203767	 16156.930738	 14580.379623	 35032.053053	 13112.556171	 11188.076534
182	 70793.464687	 11475.603189	 10614.660499	 49422.469574	 12325.647870	 27299.511860	 51961.705607	 11203.152971	 16194.440968	 14614.229702	 35113.384117	 13142.998524	 11214.050980
183	 70954.911002	 11501.773597	 10638.867505	 49535.178786	 12353.756826	 27361.769098	 52080.205612	 11228.702049	 16231.372807	 14647.557829	 35193.461092	 13172.971470	 11239.624912
184	 71114.017887	 11527.564784	 10662.723741	 49646.254790	 12381.458471	 27423.124201	 52196.988498	 11253.880909	 16267.769486	 14680.403015	 35272.377715	 13202.510094	 11264.828265
185	 71270.965387	 11553.005935	 10686.256202	 49755.823281	 12408.784152	 27483.646597	 52312.186417	 11278.718044	 16303.672193	 14712.802430	 35350.223288	 13231.647823	 11289.689561
186	 71425.925269	 11578.124894	 10709.490642	 49864.004171	 12435.763775	 27543.402525	 52425.925443	 11303.240637	 16339.120221	 14744.791531	 35427.083008	 13260.416545	 11314.236008
187	 71579.061640	 11602.948262	 10732.451668	 49970.912028	 12462.425911	 27602.455266	 52538.326031	 11327.474656	 16374.151108	 14776.404196	 35503.038271	 13288.846727	 11338.493601
188	 71730.531519	 11627.501492	 10755.162823	 50076.656472	 12488.797898	 27660.865372	 52649.503430	 11351.444951	 16408.800776	 14807.672840	 35578.166958	 13316.967521	 11362.487213
189	 71880.485376	 11651.808975	 10777.646668	 50181.342546	 12514.905936	 27718.690866	 52759.568084	 11375.175333	 16443.103644	 14838.628524	 35652.543701	 13344.806860	 11386.240680
190	 72029.067628	 11675.894122	 10799.924856	 50285.071073	 12540.775167	 27775.987440	 52868.625993	 11398.688658	 16477.092749	 14869.301061	 35726.240132	 13372.391558	 11409.776877
191	 72176.417103	 11699.779435	 10822.018205	 50387.938972	 12566.429763	 27832.808627	 52976.779055	 11422.006894	 16510.799849	 14899.719110	 35799.325109	 13399.747387	 11433.117796
192	 72322.667473	 11723.486584	 10843.946755	 50490.039562	 12591.892998	 27889.205976	 53084.125386	 11445.151195	 16544.255522	 14929.910265	 35871.864932	 13426.899165	 11456.284611
193	 72467.947660	 11747.036467	 10865.729837	 50591.462844	 12617.187316	 27945.229201	 53190.759612	 11468.141963	 16577.489259	 14959.901141	 35943.923547	 13453.870825	 11479.297744
194	 72612.382205	 11770.449271	 10887.386125	 50692.295767	 12642.334402	 28000.926328	 53296.773145	 11490.998908	 16610.529551	 14989.717447	 36015.562726	 13480.685490	 11502.176923
195	 72756.091627	 11793.744533	 10908.933689	 50792.622464	 12667.355239	 28056.343831	 53402.254445	 11513.741101	 16643.403966	 15019.384063	 36086.842245	 13507.365533	 11524.941239
196	 72899.192742	 11816.941188	 10930.390044	 50892.524490	 12692.270165	 28111.526758	 53507.289253	 11536.387029	 16676.139227	 15048.925103	 36157.820045	 13533.932643	 11547.609196
197	 73041.798974	 11840.057624	 10951.772198	 50992.081027	 12717.098929	 28166.518847	 53611.960823	 11558.954641	 16708.761281	 15078.363982	 36228.552386	 13560.407876	 11570.198761
198	 73184.020638	 11863.111720	 10973.096690	 51091.369088	 12741.860736	 28221.362638	 53716.350123	 11581.461394	 16741.295362	 15107.723472	 36299.093981	 13586.811713	 11592.727408
199	 73325.965203	 11886.120899	 10994.379635	 51190.463700	 12766.574299	 28276.099574	 53820.536035	 11603.924296	 16773.766055	 15137.025760	 36369.498135	 13613.164106	 11615.212161
200	 73467.737543	 11909.102161	 11015.636756	 51289.438078	 12791.257876	 28330.770096	 53924.595536	 11626.359944	 16806.197351	 15166.292495	 36439.816867	 13639.484525	 11637.669633
