  1	 0.000132	 0.000021	 0.000020	 0.000092	 0.000023	 0.000051	 0.000097	 0.000021	 0.000030	 0.000027	 0.000065	 0.000024	 0.000021
  2	 0.000540	 0.000088	 0.000081	 0.000377	 0.000094	 0.000208	 0.000397	 0.000086	 0.000124	 0.000112	 0.000268	 0.000100	 0.000086
  3	 0.001256	 0.000204	 0.000188	 0.000877	 0.000219	 0.000484	 0.000922	 0.000199	 0.000287	 0.000259	 0.000623	 0.000233	 0.000199
  4	 0.002318	 0.000376	 0.000348	 0.001619	 0.000404	 0.000894	 0.001702	 0.000367	 0.000530	 0.000479	 0.001150	 0.000430	 0.000367
  5	 0.003775	 0.000612	 0.000566	 0.002635	 0.000657	 0.001456	 0.002771	 0.000597	 0.000863	 0.000779	 0.001872	 0.000701	 0.000598
  6	 0.005683	 0.000921	 0.000852	 0.003968	 0.000989	 0.002192	 0.004172	 0.000899	 0.001300	 0.001173	 0.002819	 0.001055	 0.000900
  7	 0.008110	 0.001315	 0.001216	 0.005662	 0.001412	 0.003127	 0.005953	 0.001283	 0.001855	 0.001674	 0.004023	 0.001506	 0.001285
  8	 0.011132	 0.001805	 0.001669	 0.007772	 0.001938	 0.004293	 0.008171	 0.001762	 0.002547	 0.002298	 0.005522	 0.002067	 0.001763
  9	 0.014841	 0.002406	 0.002225	 0.010361	 0.002584	 0.005723	 0.010893	 0.002349	 0.003395	 0.003064	 0.007361	 0.002755	 0.002351
 10	 0.019338	 0.003135	 0.002899	 0.013500	 0.003367	 0.007457	 0.014194	 0.003060	 0.004424	 0.003992	 0.009592	 0.003590	 0.003063
 11	 0.024744	 0.004011	 0.003710	 0.017274	 0.004308	 0.009542	 0.018162	 0.003916	 0.005660	 0.005108	 0.012273	 0.004594	 0.003920
 12	 0.031195	 0.005057	 0.004677	 0.021778	 0.005431	 0.012030	 0.022897	 0.004937	 0.007136	 0.006440	 0.015473	 0.005791	 0.004942
 13	 0.038850	 0.006298	 0.005825	 0.027122	 0.006764	 0.014981	 0.028516	 0.006148	 0.008887	 0.008020	 0.019270	 0.007213	 0.006154
 14	 0.047890	 0.007763	 0.007180	 0.033433	 0.008338	 0.018467	 0.035151	 0.007579	 0.010955	 0.009886	 0.023753	 0.008891	 0.007586
 15	 0.058524	 0.009487	 0.008775	 0.040857	 0.010189	 0.022568	 0.042956	 0.009262	 0.013388	 0.012081	 0.029028	 0.010865	 0.009270
 16	 0.070992	 0.011508	 0.010644	 0.049561	 0.012360	 0.027376	 0.052108	 0.011235	 0.016240	 0.014655	 0.035212	 0.013180	 0.011246
 17	 0.085571	 0.013871	 0.012830	 0.059739	 0.014899	 0.032998	 0.062809	 0.013542	 0.019575	 0.017665	 0.042443	 0.015886	 0.013555
 18	 0.102580	 0.016628	 0.015381	 0.071613	 0.017860	 0.039557	 0.075293	 0.016233	 0.023466	 0.021176	 0.050880	 0.019044	 0.016249
 19	 0.122384	 0.019838	 0.018350	 0.085439	 0.021308	 0.047194	 0.089829	 0.019367	 0.027996	 0.025264	 0.060702	 0.022721	 0.019386
 20	 0.145404	 0.023570	 0.021802	 0.101510	 0.025316	 0.056071	 0.106725	 0.023010	 0.033262	 0.030017	 0.072120	 0.026995	 0.023033
 21	 0.172125	 0.027901	 0.025808	 0.120164	 0.029968	 0.066375	 0.126338	 0.027239	 0.039375	 0.035533	 0.085374	 0.031955	 0.027265
 22	 0.203104	 0.032923	 0.030453	 0.141791	 0.035362	 0.078321	 0.149077	 0.032141	 0.046462	 0.041928	 0.100739	 0.037707	 0.032173
 23	 0.238983	 0.038739	 0.035833	 0.166839	 0.041609	 0.092157	 0.175411	 0.037819	 0.054669	 0.049335	 0.118535	 0.044368	 0.037856
 24	 0.280499	 0.045469	 0.042057	 0.195822	 0.048837	 0.108166	 0.205884	 0.044389	 0.064166	 0.057905	 0.139127	 0.052075	 0.044432
 25	 0.328501	 0.053250	 0.049255	 0.229334	 0.057194	 0.126677	 0.241117	 0.051986	 0.075147	 0.067814	 0.162936	 0.060987	 0.052036
 26	 0.383966	 0.062241	 0.057571	 0.268055	 0.066851	 0.148065	 0.281827	 0.060763	 0.087835	 0.079264	 0.190446	 0.071284	 0.060822
 27	 0.448017	 0.072623	 0.067175	 0.312770	 0.078003	 0.172765	 0.328840	 0.070899	 0.102487	 0.092486	 0.222215	 0.083175	 0.070968
 28	 0.521946	 0.084607	 0.078260	 0.364382	 0.090875	 0.201274	 0.383103	 0.082599	 0.119399	 0.107748	 0.258884	 0.096901	 0.082679
 29	 0.607242	 0.098434	 0.091049	 0.423929	 0.105725	 0.234166	 0.445710	 0.096097	 0.138910	 0.125356	 0.301191	 0.112736	 0.096190
 30	 0.705615	 0.114380	 0.105799	 0.492605	 0.122853	 0.272100	 0.517914	 0.111664	 0.161414	 0.145663	 0.349983	 0.130999	 0.111773
 31	 0.819033	 0.132765	 0.122804	 0.571785	 0.142600	 0.315837	 0.601162	 0.129613	 0.187359	 0.169077	 0.406239	 0.152056	 0.129739
 32	 0.949762	 0.153956	 0.142406	 0.663050	 0.165361	 0.366249	 0.697116	 0.150301	 0.217264	 0.196064	 0.471080	 0.176326	 0.150447
 33	 1.100408	 0.178376	 0.164993	 0.768219	 0.191589	 0.424341	 0.807689	 0.174141	 0.251725	 0.227162	 0.545800	 0.204294	 0.174310
 34	 1.273967	 0.206510	 0.191017	 0.889385	 0.221807	 0.491270	 0.935080	 0.201607	 0.291428	 0.262991	 0.631885	 0.236515	 0.201803
 35	 1.473891	 0.238917	 0.220993	 1.028955	 0.256615	 0.568364	 1.081822	 0.233245	 0.337162	 0.304262	 0.731046	 0.273632	 0.233472
 36	 1.704146	 0.276242	 0.255517	 1.189701	 0.296704	 0.657156	 1.250827	 0.269683	 0.389834	 0.351795	 0.845252	 0.316379	 0.269945
 37	 1.969298	 0.319223	 0.295273	 1.374810	 0.342869	 0.759404	 1.445446	 0.311644	 0.450489	 0.406532	 0.976767	 0.365605	 0.311947
 38	 2.274600	 0.368712	 0.341050	 1.587948	 0.396024	 0.877135	 1.669534	 0.359958	 0.520329	 0.469556	 1.128196	 0.422285	 0.360308
 39	 2.626094	 0.425689	 0.393752	 1.833333	 0.457222	 1.012679	 1.927527	 0.415582	 0.600735	 0.542117	 1.302536	 0.487541	 0.415987
 40	 3.030732	 0.491281	 0.454423	 2.115820	 0.527672	 1.168716	 2.224527	 0.479617	 0.693299	 0.625648	 1.503236	 0.562663	 0.480084
 41	 3.496512	 0.566784	 0.524261	 2.440991	 0.608768	 1.348331	 2.566405	 0.553327	 0.799849	 0.721802	 1.734261	 0.649137	 0.553865
 42	 4.032635	 0.653689	 0.604647	 2.815271	 0.702111	 1.555072	 2.959914	 0.638169	 0.922490	 0.832476	 2.000177	 0.748669	 0.638790
 43	 4.650520	 0.753848	 0.697291	 3.246630	 0.809689	 1.793342	 3.413436	 0.735950	 1.063835	 0.960029	 2.306647	 0.863381	 0.736666
 44	 5.537568	 0.897638	 0.830294	 3.865898	 0.964130	 2.135408	 4.064521	 0.876327	 1.266753	 1.143147	 2.746620	 1.028064	 0.877179
 45	 6.556978	 1.062884	 0.983143	 4.577570	 1.141617	 2.528514	 4.812757	 1.037650	 1.499949	 1.353588	 3.252245	 1.217320	 1.038659
 46	 7.728446	 1.252779	 1.158791	 5.395398	 1.345578	 2.980258	 5.672604	 1.223036	 1.767930	 1.595420	 3.833290	 1.434807	 1.224226
 47	 9.074602	 1.470991	 1.360631	 6.335179	 1.579953	 3.499366	 6.660669	 1.436067	 2.075871	 1.873313	 4.500981	 1.684724	 1.437464
 48	 10.621438	 1.721733	 1.592562	 7.415059	 1.849268	 4.095859	 7.796031	 1.680855	 2.429719	 2.192634	 5.268207	 1.971899	 1.682491
 49	 12.398809	 2.009844	 1.859058	 8.655881	 2.158721	 4.781253	 9.100604	 1.962127	 2.836304	 2.559545	 6.149779	 2.301872	 1.964036
 50	 14.441008	 2.340884	 2.165262	 10.081584	 2.514283	 5.568769	 10.599557	 2.285307	 3.303469	 2.981126	 7.162704	 2.681012	 2.287530
 51	 16.787419	 2.721237	 2.517079	 11.719665	 2.922810	 6.473597	 12.321800	 2.656629	 3.840225	 3.465506	 8.326518	 3.116630	 2.659214
 52	 18.945665	 3.071088	 2.840683	 13.226384	 3.298576	 7.305864	 13.905932	 2.998175	 4.333938	 3.911043	 9.397003	 3.517314	 3.001092
 53	 21.428745	 3.473594	 3.212992	 14.959877	 3.730898	 8.263394	 15.728488	 3.391125	 4.901957	 4.423637	 10.628605	 3.978304	 3.394424
 54	 24.285459	 3.936667	 3.641323	 16.954211	 4.228272	 9.365005	 17.825288	 3.843204	 5.555448	 5.013362	 12.045528	 4.508661	 3.846942
 55	 27.571920	 4.469401	 4.134090	 19.248561	 4.800468	 10.632337	 20.237517	 4.363290	 6.307246	 5.691802	 13.675604	 5.118801	 4.367535
 56	 31.352646	 5.082256	 4.700966	 21.887969	 5.458720	 12.090268	 23.012534	 4.961595	 7.172111	 6.472275	 15.550835	 5.820703	 4.966421
 57	 35.701812	 5.787255	 5.353073	 24.924217	 6.215941	 13.767401	 26.204778	 5.649856	 8.167009	 7.370094	 17.708011	 6.628138	 5.655352
 58	 40.704681	 6.598219	 6.103196	 28.416830	 7.086976	 15.696617	 29.876835	 6.441566	 9.311446	 8.402860	 20.189421	 7.556934	 6.447832
 59	 46.459253	 7.531033	 6.966027	 32.434223	 8.088888	 17.915706	 34.100634	 7.352234	 10.627840	 9.590803	 23.043675	 8.625286	 7.359386
 60	 53.078148	 8.603955	 7.958454	 37.055019	 9.241285	 20.468097	 38.958838	 8.399682	 12.141953	 10.957173	 26.326631	 9.854102	 8.407853
 61	 60.690766	 9.837958	 9.099878	 42.369554	 10.566696	 23.403690	 44.546425	 9.604388	 13.883386	 12.528682	 30.102470	 11.267405	 9.613731
 62	 69.445755	 11.257140	 10.412587	 48.481604	 12.091002	 26.779805	 50.972500	 10.989876	 15.886144	 14.336016	 34.444923	 12.892792	 11.000567
 63	 79.513835	 12.889173	 11.922179	 55.510351	 13.843927	 30.662278	 58.362372	 12.583162	 18.189279	 16.414417	 39.438666	 14.761959	 12.595403
 64	 91.091021	 14.765832	 13.658044	 63.592638	 15.859598	 35.126694	 66.859912	 14.415266	 20.837632	 18.804350	 45.180922	 16.911294	 14.429289
 65	 104.402304	 16.923588	 15.653917	 72.885537	 18.177187	 40.259817	 76.630263	 16.521793	 23.882670	 21.552261	 51.783285	 19.382570	 16.537865
 66	 119.705840	 19.404287	 17.948505	 83.569271	 20.841642	 46.161196	 87.862908	 18.943597	 27.383448	 24.711443	 59.373802	 22.223713	 18.962024
 67	 137.297719	 22.255926	 20.586204	 95.850547	 23.904514	 52.945010	 100.775174	 21.727533	 31.407699	 28.343018	 68.099330	 25.489693	 21.748669
 68	 157.517376	 25.533528	 23.617907	 109.966333	 27.424901	 60.742153	 115.616203	 24.927319	 36.033070	 32.517057	 78.128230	 29.243527	 24.951567
 69	 180.753727	 29.300135	 27.101929	 126.188139	 31.470515	 69.702599	 132.671455	 28.604500	 41.348528	 37.313847	 89.653403	 33.557419	 28.632325
 70	 207.452103	 33.627935	 31.105041	 144.826860	 36.118893	 79.998078	 152.267800	 32.829551	 47.455946	 42.825319	 102.895732	 38.514045	 32.861486
 71	 238.122066	 38.599528	 35.703647	 166.238234	 41.458753	 91.825088	 174.779251	 37.683110	 54.471889	 49.156664	 118.107958	 44.208006	 37.719767
 72	 273.346193	 44.309350	 40.985097	 190.828969	 47.591525	 105.408284	 200.633413	 43.257372	 62.529625	 56.428147	 135.579038	 50.747461	 43.299451
 73	 313.789903	 50.865266	 47.049163	 219.063609	 54.633064	 121.004265	 230.318697	 49.657638	 71.781372	 64.777134	 155.639018	 58.255945	 49.705944
 74	 360.212405	 58.390342	 54.009680	 251.472176	 62.715553	 138.905799	 264.392357	 57.004057	 82.400806	 74.360350	 178.664465	 66.874409	 57.059508
 75	 413.478829	 67.024816	 61.996364	 288.658634	 71.989618	 159.446500	 303.489387	 65.433534	 94.585828	 85.356390	 205.084480	 76.763465	 65.497185
 76	 474.573573	 76.928259	 71.156813	 331.310214	 82.626649	 183.005973	 348.332328	 75.101852	 108.561627	 97.968467	 235.387323	 88.105870	 75.174909
 77	 544.614881	 88.281938	 81.658697	 380.207587	 94.821341	 210.015437	 399.741958	 86.185976	 124.584007	 112.427425	 270.127639	 101.109228	 86.269814
 78	 624.870606	 101.291371	 93.692114	 436.235868	 108.794436	 240.963803	 458.648869	 98.886543	 142.942999	 128.994994	 309.934281	 116.008921	 98.982736
 79	 716.775054	 116.189059	 107.472122	 500.396377	 124.795657	 276.404173	 526.105828	 113.430535	 163.966707	 147.967264	 355.518661	 133.071231	 113.540876
 80	 821.946721	 133.237361	 123.241396	 573.819024	 143.106796	 316.960674	 603.300796	 130.074081	 188.025374	 169.678349	 407.683549	 152.596636	 130.200612
 81	 942.206611	 152.731459	 141.272974	 657.775090	 164.044902	 363.335523	 691.570370	 149.105356	 215.535564	 194.504167	 467.332158	 174.923210	 149.250401
 82	 1079.596681	 175.002356	 161.873025	 753.690109	 187.965494	 416.316146	 792.413328	 170.847504	 246.964388	 222.866248	 535.477294	 200.430049	 171.013699
 83	 1236.397779	 200.419775	 185.383534	 863.156393	 215.265685	 476.782087	 907.503789	 195.661471	 282.833605	 255.235441	 613.250253	 229.540597	 195.851804
 84	 1415.146224	 229.394854	 212.184794	 987.944601	 246.387066	 545.711406	 1038.703387	 223.948633	 323.723413	 292.135328	 701.909041	 262.725730	 224.166482
 85	 1618.647897	 262.382425	 242.697514	 1130.013579	 281.818161	 624.186111	 1188.071609	 256.153023	 370.275673	 334.145140	 802.845370	 300.506367	 256.402199
 86	 1849.988433	 299.882669	 277.384349	 1291.517479	 322.096201	 713.396094	 1357.873284	 292.762948	 423.196246	 381.901861	 917.589706	 343.455365	 293.047737
 87	 2112.537796	 342.441856	 316.750587	 1474.808945	 367.807920	 814.640883	 1550.581930	 334.311708	 483.256029	 436.101168	 1047.813543	 392.198365	 334.636914
 88	 2409.947154	 390.651840	 361.343677	 1682.436937	 419.589014	 929.328451	 1768.877468	 381.377105	 551.290251	 497.496788	 1195.327852	 447.413219	 381.748095
 89	 2746.135721	 445.147924	 411.751261	 1917.137545	 478.121845	 1058.970132	 2015.636564	 434.579360	 628.195456	 566.897784	 1362.076553	 509.827537	 435.002103
 90	 3125.264982	 506.604684	 468.597305	 2181.815994	 544.130957	 1205.170687	 2293.913707	 494.577032	 714.923609	 645.163230	 1550.123733	 580.213911	 495.058139
 91	 3551.697640	 575.729312	 532.535945	 2479.517980	 618.375929	 1369.612467	 2606.911076	 562.060526	 812.472705	 733.193740	 1761.633281	 659.382290	 562.607277
 92	 4029.938730	 653.252075	 604.242660	 2813.388568	 701.641119	 1554.032715	 2957.935324	 637.742767	 921.873299	 831.919310	 1998.839684	 748.169044	 638.363140
 93	 4564.556778	 739.913529	 684.402448	 3186.617147	 794.721940	 1760.193154	 3350.339704	 722.346731	 1044.170470	 942.283042	 2264.008919	 847.422333	 723.049404
 94	 5160.083644	 836.448288	 773.694808	 3602.367507	 898.407421	 1989.841368	 3787.450557	 816.589591	 1180.400908	 1065.220469	 2559.388778	 957.983509	 817.383940
 95	 5820.892901	 943.565305	 872.775506	 4063.692935	 1013.459033	 2244.663903	 4272.478041	 921.163470	 1331.565094	 1201.634449	 2887.148541	 1080.664538	 922.059544
 96	 6551.058251	 1061.924929	 982.255347	 4573.437372	 1140.586035	 2526.231668	 4808.412214	 1036.713036	 1498.594914	 1352.365935	 3249.308756	 1216.221713	 1037.721512
 97	 7354.195536	 1192.113285	 1102.676486	 5134.125116	 1280.417973	 2835.939011	 5397.907069	 1163.810500	 1682.317514	 1518.161363	 3647.662872	 1365.326326	 1164.942612
 98	 8233.294195	 1334.614961	 1234.487153	 5747.843161	 1433.475329	 3174.938725	 6043.156823	 1302.928946	 1883.416745	 1699.637856	 4083.693641	 1528.533374	 1304.196387
 99	 9190.546314	 1489.785294	 1378.016027	 6416.121849	 1600.139761	 3544.076126	 6745.770448	 1454.415273	 2102.394062	 1897.247938	 4558.488335	 1706.249824	 1455.830074
100	 10227.183471	 1657.823921	 1533.447768	 7139.820973	 1780.625694	 3943.826138	 7506.651907	 1618.464379	 2339.531194	 2111.245849	 5072.657811	 1898.704320	 1620.038762
101	 11343.332847	 1838.751460	 1700.801446	 7919.029320	 1974.955273	 4374.237805	 8325.894553	 1795.096393	 2594.857237	 2341.657843	 5626.265152	 2105.920476	 1796.842596
102	 12537.904418	 2032.391218	 1879.913624	 8752.985920	 2182.938716	 4834.890789	 9202.698317	 1984.138815	 2868.122840	 2588.258902	 6218.769710	 2327.695925	 1986.068912
103	 13808.520014	 2238.357693	 2070.427724	 9640.030521	 2404.161967	 5324.868016	 10135.317646	 2185.215298	 3158.783981	 2850.558088	 6848.991916	 2563.589153	 2187.340994
104	 15151.492685	 2456.053232	 2271.790929	 10577.589182	 2637.983102	 5842.747718	 11121.046355	 2397.742377	 3465.997249	 3127.794287	 7515.103052	 2812.915668	 2400.074812
105	 16561.861258	 2684.673630	 2483.259370	 11562.198400	 2883.538345	 6386.616757	 12156.242993	 2620.934941	 3788.627745	 3418.943342	 8214.642391	 3074.754415	 2623.484489
106	 18033.480590	 2923.222762	 2703.911653	 12589.568115	 3139.757782	 6954.105431	 13236.397084	 2853.820512	 4125.269729	 3722.736680	 8944.561955	 3347.964531	 2856.596603
107	 19559.163391	 3170.535568	 2932.670127	 13654.680724	 3405.390056	 7542.442164	 14356.233229	 3095.261694	 4474.279064	 4037.690595	 9701.296867	 3631.211676	 3098.272650
108	 21130.865267	 3425.308055	 3168.328629	 14751.920257	 3679.034579	 8148.524860	 15509.846921	 3343.985452	 4833.815546	 4362.144446	 10480.857126	 3923.002388	 3347.238357
109	 22739.901320	 3686.132403	 3409.584958	 15875.223597	 3959.179249	 8769.004434	 16690.863531	 3598.617389	 5201.892451	 4694.305368	 11278.935045	 4221.724291	 3602.117990
110	 24377.180715	 3951.534989	 3655.076049	 17018.244234	 4244.241286	 9400.375260	 17892.610476	 3857.718869	 5576.430194	 5032.296696	 12091.021592	 4525.689646	 3861.471515
111	 26033.445156	 4220.015047	 3903.413729	 18174.518748	 4532.608756	 10039.067136	 19108.292258	 4119.824757	 5955.310884	 5374.207197	 12912.524675	 4833.179627	 4123.832369
112	 27699.498185	 4490.081833	 4153.219094	 19337.626889	 4822.680488	 10681.533706	 20331.158767	 4383.479701	 6336.430773	 5718.138403	 13738.882874	 5142.486886	 4387.743786
113	 29366.414265	 4760.288519	 4403.153863	 20501.337545	 5112.902485	 11324.333087	 21554.658747	 4647.271223	 6717.748091	 6062.247772	 14565.669144	 5451.954373	 4651.791915
114	 31025.719413	 5029.261475	 4651.947462	 21659.734843	 5401.799363	 11964.197526	 22772.572378	 4909.858306	 7097.324361	 6404.785981	 15388.680411	 5760.008869	 4914.634434
115	 32669.538172	 5295.724091	 4898.419055	 22807.320753	 5687.999950	 12598.090074	 23979.119151	 5169.994649	 7473.358024	 6744.127261	 16204.010466	 6065.188275	 5175.023828
116	 34290.704664	 5558.514780	 5141.494203	 23939.092619	 5970.256616	 13223.247411	 25169.039384	 5426.546243	 7844.209842	 7078.792327	 17008.105053	 6366.162227	 5431.824985
117	 35882.838051	 5816.599210	 5380.216174	 25050.595838	 6247.458411	 13837.208947	 26337.649604	 5678.503313	 8208.420158	 7407.463951	 17797.799291	 6661.746104	 5684.027149
118	 37440.384715	 6069.077140	 5613.752265	 26137.953307	 6518.638411	 14437.833084	 27480.873510	 5924.986990	 8564.718548	 7728.995675	 18570.338601	 6950.908862	 5930.750597
119	 38958.630904	 6315.184474	 5841.395705	 27197.874254	 6782.975917	 15023.302096	 28595.251255	 6165.251319	 8912.026713	 8042.414415	 19323.384971	 7232.775380	 6171.248646
120	 40433.690399	 6554.291255	 6062.563801	 28227.645622	 7039.794311	 15592.117372	 29677.930392	 6398.681301	 9249.455655	 8346.917922	 20055.010847	 7506.624172	 6404.905700
121	 41862.472108	 6785.896418	 6276.793078	 29225.109454	 7288.555412	 16143.086920	 30726.642090	 6624.787766	 9576.298269	 8641.868088	 20763.683056	 7771.881368	 6631.232113
122	 43242.632416	 7009.620064	 6483.732139	 30188.629619	 7528.851180	 16675.306989	 31739.666158	 6843.199835	 9892.018438	 8926.781107	 21448.239169	 8028.111868	 6849.856644
123	 44572.516776	 7225.193991	 6683.132904	 31117.051043	 7760.393546	 17188.139551	 32715.788176	 7053.655672	 10196.237674	 9201.315424	 22107.858536	 8275.008503	 7060.517205
124	 45851.094537	 7432.451131	 6874.840838	 32009.654206	 7983.003067	 17681.187163	 33654.251655	 7255.992178	 10488.720210	 9465.258278	 22742.029956	 8512.379928	 7263.050536
125	 47077.890358	 7631.314431	 7058.784669	 32866.107262	 8196.596983	 18154.266525	 34554.707701	 7450.134127	 10769.357308	 9718.511541	 23350.517662	 8740.137896	 7457.381340
126	 48252.914976	 7821.785633	 7234.966008	 33686.417706	 8401.177162	 18607.381776	 35417.164195	 7636.083220	 11038.151425	 9961.077430	 23933.326978	 8958.284400	 7643.511317
127	 49376.597458	 8003.934286	 7403.449188	 34470.885079	 8596.818308	 19040.698373	 36241.936066	 7813.907357	 11295.200712	 10193.044518	 24490.670721	 9166.899097	 7821.508434
128	 50449.720541	 8177.887274	 7564.351572	 35220.055827	 8783.656702	 19454.518158	 37029.597836	 7983.730406	 11540.684225	 10414.574391	 25022.937127	 9366.127305	 7991.496681
129	 51473.360177	 8343.819006	 7717.834485	 35934.681096	 8961.879674	 19849.256041	 37780.939243	 8145.722639	 11774.848095	 10625.889162	 25530.659865	 9556.168777	 8153.646494
130	 52448.830001	 8501.942425	 7864.094893	 36615.677964	 9131.715938	 20225.418589	 38496.924484	 8300.091940	 11997.992824	 10827.260011	 26014.490496	 9737.267393	 8308.165960
131	 53377.631113	 8652.500856	 8003.357867	 37264.094381	 9293.426846	 20583.584658	 39178.655349	 8447.075860	 12210.461797	 11018.996817	 26475.173560	 9909.701836	 8455.292860
132	 54261.407302	 8795.760759	 8135.869876	 37881.077912	 9447.298593	 20924.388130	 39827.338365	 8586.934530	 12412.631042	 11201.438915	 26913.524372	 10073.777280	 8595.287580
133	 55101.905655	 8932.005335	 8261.892874	 38467.848237	 9593.635360	 21248.502720	 40444.255876	 8719.944430	 12604.900216	 11374.946965	 27330.409486	 10229.818076	 8728.426866
134	 55900.942349	 9061.528986	 8381.699176	 39025.673269	 9732.753356	 21556.628784	 41030.740936	 8846.392971	 12787.684780	 11539.895888	 27726.729717	 10378.161403	 8854.998411
135	 56660.373307	 9184.632557	 8495.567057	 39555.848668	 9864.975710	 21849.482010	 41588.155778	 8966.573855	 12961.409288	 11696.668812	 28103.405602	 10519.151818	 8975.296203
136	 57382.069376	 9301.619312	 8603.777028	 40059.680515	 9990.628151	 22127.783834	 42117.873582	 9080.783147	 13126.501708	 11845.651945	 28461.365075	 10653.136649	 9089.616594
137	 58067.895600	 9412.791574	 8706.608731	 40538.470835	 10110.035395	 22392.253460	 42621.263273	 9189.315991	 13283.388680	 11987.230295	 28801.533193	 10780.462145	 9198.255015
138	 58719.694190	 9518.447965	 8804.338384	 40993.505719	 10223.518186	 22643.601285	 43099.677017	 9292.463921	 13432.491621	 12121.784161	 29124.823688	 10901.470320	 9301.503283
139	 59339.270779	 9618.881178	 8897.236721	 41426.045718	 10331.390895	 22882.523599	 43554.440129	 9390.512679	 13574.223580	 12249.686286	 29432.132150	 11016.496392	 9399.647419
140	 59928.383549	 9714.376213	 8985.567361	 41837.318257	 10433.959636	 23109.698398	 43986.843098	 9483.740500	 13708.986754	 12371.299621	 29724.330633	 11125.866774	 9492.965929
141	 60488.734876	 9805.209025	 9069.585556	 42228.511802	 10531.520805	 23325.782153	 44398.135452	 9572.416788	 13837.170571	 12486.975596	 30002.263511	 11229.897516	 9581.728478
142	 61021.965128	 9891.645517	 9149.537259	 42600.771529	 10624.360001	 23531.407427	 44789.521203	 9656.801132	 13959.150274	 12597.052838	 30266.744402	 11328.893157	 9666.194908
143	 61529.648300	 9973.940834	 9225.658474	 42955.196281	 10712.751267	 23727.181187	 45162.155649	 9737.142619	 14075.285926	 12701.856276	 30518.554005	 11423.145913	 9746.614548
144	 62013.289209	 10052.338907	 9298.174829	 43292.836601	 10796.956604	 23913.683724	 45517.143312	 9813.679389	 14185.921762	 12801.696556	 30758.438705	 11512.935158	 9823.225770
145	 62474.321979	 10127.072205	 9367.301356	 43614.693685	 10877.225702	 24091.468066	 45855.536823	 9886.638393	 14291.385847	 12896.869731	 30987.109824	 11598.527141	 9896.255745
146	 62914.109595	 10198.361669	 9433.242418	 43921.719060	 10953.795868	 24261.059811	 46178.336600	 9956.235324	 14391.989972	 12987.657168	 31205.243398	 11680.174904	 9965.920378
147	 63333.944323	 10266.416775	 9496.191775	 44214.814887	 11026.892092	 24422.957286	 46486.491154	 10022.674687	 14488.029751	 13074.325637	 31413.480389	 11758.118358	 10032.424371
148	 63735.048831	 10331.435717	 9556.332753	 44494.834737	 11096.727252	 24577.631977	 46780.897911	 10086.149969	 14579.784878	 13157.127537	 31612.427237	 11832.584497	 10095.961400
149	 64118.577856	 10393.605678	 9613.838490	 44762.584756	 11163.502395	 24725.529176	 47062.404436	 10146.843910	 14667.519504	 13236.301248	 31802.656688	 11903.787700	 10156.714381
150	 64485.620282	 10453.103164	 9668.872253	 45018.825120	 11227.407103	 24867.068782	 47331.809961	 10204.928826	 14751.482719	 13312.071551	 31984.708828	 11971.930121	 10214.855800
151	 64837.201546	 10510.094401	 9721.587794	 45264.271707	 11288.619913	 25002.646224	 47589.867145	 10260.566994	 14831.909098	 13384.650134	 32159.092269	 12037.202135	 10270.548090
152	 65174.286245	 10564.735748	 9772.129742	 45499.597925	 11347.308766	 25132.633474	 47837.283994	 10313.911063	 14909.019298	 13454.236123	 32326.285450	 12099.782823	 10323.944050
153	 65497.780909	 10617.174153	 9820.634022	 45725.436641	 11403.631498	 25257.380107	 48074.725889	 10365.104491	 14983.020694	 13521.016656	 32486.738006	 12159.840483	 10375.187278
154	 65808.536838	 10667.547612	 9867.228276	 45942.382167	 11457.736325	 25377.214406	 48302.817680	 10414.282000	 15054.108027	 13585.167472	 32640.872181	 12217.533163	 10424.412625
155	 66107.352988	 10715.985637	 9912.032299	 46150.992273	 11509.762351	 25492.444464	 48522.145790	 10461.570024	 15122.464061	 13646.853503	 32789.084256	 12273.009191	 10471.746649
156	 66394.978842	 10762.609717	 9955.158466	 46351.790186	 11559.840067	 25603.359298	 48733.260333	 10507.087169	 15188.260246	 13706.229468	 32931.745971	 12326.407710	 10517.308072
157	 66672.117236	 10807.533782	 9996.712160	 46545.266574	 11608.091841	 25710.229938	 48936.677184	 10550.944661	 15251.657361	 13763.440458	 33069.205932	 12377.859204	 10561.208227
158	 66939.427130	 10850.864650	 10036.792184	 46731.881471	 11654.632403	 25813.310493	 49132.880013	 10593.246781	 15312.806145	 13818.622503	 33201.790981	 12427.486010	 10603.551497
159	 67197.526288	 10892.702460	 10075.491165	 46912.066151	 11699.569310	 25912.839186	 49322.322252	 10634.091291	 15371.847917	 13871.903133	 33329.807527	 12475.402818	 10644.435738
160	 67446.993859	 10933.141092	 10112.895939	 47086.224931	 11743.003396	 26009.039350	 49505.428991	 10673.569841	 15428.915159	 13923.401904	 33453.542828	 12521.717149	 10683.952692
161	 67688.372854	 10972.268568	 10149.087925	 47254.736899	 11785.029203	 26102.120382	 49682.598795	 10711.768365	 15484.132091	 13973.230911	 33573.266215	 12566.529813	 10722.188373
162	 67922.172506	 11010.167434	 10184.143476	 47417.957561	 11825.735392	 26192.278653	 49854.205436	 10748.767447	 15537.615201	 14021.495279	 33689.230267	 12609.935352	 10759.223447
163	 68148.870509	 11046.915124	 10218.134218	 47576.220407	 11865.205134	 26279.698372	 50020.599537	 10784.642686	 15589.473765	 14068.293620	 33801.671918	 12652.022450	 10795.133584
164	 68368.915147	 11082.584306	 10251.127364	 47729.838392	 11903.516477	 26364.552408	 50182.110133	 10819.465020	 15639.810331	 14113.718475	 33910.813516	 12692.874334	 10829.989792
165	 68582.727290	 11117.243201	 10283.186020	 47879.105335	 11940.742698	 26447.003057	 50339.046139	 10853.301055	 15688.721175	 14157.856727	 34016.863812	 12732.569137	 10863.858742
166	 68790.702285	 11150.955897	 10314.369462	 48024.297239	 11976.952631	 26527.202775	 50491.697737	 10886.213354	 15736.296736	 14200.789988	 34120.018898	 12771.180259	 10896.803057
167	 68993.211729	 11183.782628	 10344.733409	 48165.673521	 12012.210971	 26605.294856	 50640.337674	 10918.260723	 15782.622018	 14242.594971	 34220.463084	 12808.776686	 10928.881600
168	 69190.605131	 11215.780050	 10374.330265	 48303.478182	 12046.578573	 26681.414078	 50785.222486	 10949.498472	 15827.776975	 14283.343824	 34318.369724	 12845.423305	 10960.149736
169	 69383.211465	 11247.001489	 10403.209355	 48437.940886	 12080.112711	 26755.687303	 50926.593637	 10979.978662	 15871.836859	 14323.104460	 34413.901992	 12881.181193	 10990.659576
170	 69571.340630	 11277.497180	 10431.417145	 48569.277980	 12112.867342	 26828.234033	 51064.678591	 11009.750334	 15914.872564	 14361.940853	 34507.213594	 12916.107882	 11020.460208
171	 69755.284807	 11307.314486	 10458.997445	 48697.693442	 12144.893338	 26899.166940	 51199.691805	 11038.859726	 15956.950927	 14399.913320	 34598.449453	 12950.257617	 11049.597918
172	 69935.319729	 11336.498103	 10485.991598	 48823.379768	 12176.238703	 26968.592352	 51331.835664	 11067.350475	 15998.135024	 14437.078780	 34687.746331	 12983.681588	 11078.116380
173	 70111.705862	 11365.090251	 10512.438656	 48946.518794	 12206.948789	 27036.610712	 51461.301347	 11095.263797	 16038.484438	 14473.491004	 34775.233418	 13016.428152	 11106.056856
174	 70284.689506	 11393.130858	 10538.375551	 49067.282468	 12237.066477	 27103.316997	 51588.269638	 11122.638672	 16078.055512	 14509.200835	 34861.032880	 13048.543034	 11133.458360
175	 70454.503823	 11420.657717	 10563.837242	 49185.833565	 12266.632363	 27168.801120	 51712.911674	 11149.511997	 16116.901583	 14544.256408	 34945.260363	 13080.069522	 11160.357826
176	 70621.369794	 11447.706649	 10588.856863	 49302.326358	 12295.684920	 27233.148296	 51835.389653	 11175.918742	 16155.073201	 14578.703340	 35028.025474	 13111.048642	 11186.790259
177	 70785.497103	 11474.311646	 10613.465853	 49416.907230	 12324.260657	 27296.439385	 51955.857480	 11201.892091	 16192.618334	 14612.584916	 35109.432214	 13141.519321	 11212.788874
178	 70947.084967	 11500.504999	 10637.694083	 49529.715260	 12352.394258	 27358.751207	 52074.461380	 11227.463569	 16229.582553	 14645.942263	 35189.579397	 13171.518546	 11238.385227
179	 71106.322906	 11526.317429	 10661.569968	 49640.882756	 12380.118721	 27420.156847	 52191.340459	 11252.663169	 16266.009212	 14678.814504	 35268.561022	 13201.081501	 11263.609340
180	 71263.391459	 11551.778203	 10685.120579	 49750.535756	 12407.465478	 27480.725924	 52306.627229	 11277.519461	 16301.939611	 14711.238908	 35346.466638	 13230.241703	 11288.489812
181	 71418.462850	 11576.915237	 10708.371739	 49858.794493	 12434.464515	 27540.524852	 52420.448102	 11302.059700	 16337.413146	 14743.251029	 35423.381666	 13259.031127	 11313.053922
182	 71571.701606	 11601.755202	 10731.348117	 49965.773828	 12461.144477	 27599.617075	 52532.923840	 11326.309922	 16372.467455	 14774.884830	 35499.387711	 13287.480317	 11337.327734
183	 71723.265139	 11626.323613	 10754.073314	 50071.583653	 12487.532770	 27658.063296	 52644.169980	 11350.295038	 16407.138547	 14806.172807	 35574.562851	 13315.618498	 11361.336181
184	 71873.304279	 11650.644921	 10776.569946	 50176.329266	 12513.655656	 27715.921678	 52754.297230	 11374.038916	 16441.460924	 14837.146096	 35648.981895	 13343.473671	 11385.103157
185	 72021.963777	 11674.742589	 10798.859717	 50280.111720	 12539.538337	 27773.248039	 52863.411837	 11397.564465	 16475.467699	 14867.834579	 35722.716639	 13371.072709	 11408.651591
186	 72169.382768	 11698.639171	 10820.963488	 50383.028149	 12565.205036	 27830.096033	 52971.615924	 11420.893702	 16509.190701	 14898.266978	 35795.836096	 13398.441444	 11432.003521
187	 72315.695209	 11722.356382	 10842.901345	 50485.172071	 12590.679077	 27886.517318	 53079.007814	 11444.047826	 16542.660573	 14928.470948	 35868.406706	 13425.604745	 11455.180169
188	 72461.030282	 11745.915161	 10864.692657	 50586.633672	 12615.982951	 27942.561708	 53185.682326	 11467.047280	 16575.906866	 14958.473154	 35940.492544	 13452.586595	 11478.201996
189	 72605.512771	 11769.335737	 10886.356133	 50687.500064	 12641.138385	 27998.277323	 53291.731049	 11489.911812	 16608.958125	 14988.299357	 36012.155503	 13479.410161	 11501.088770
190	 72749.263414	 11792.637681	 10907.909878	 50787.855539	 12666.166399	 28053.710722	 53397.242605	 11512.660528	 16641.841970	 15017.974482	 36083.455468	 13506.097857	 11523.859615
191	 72892.399233	 11815.839962	 10929.371437	 50887.781792	 12691.087367	 28108.907032	 53502.302886	 11535.311948	 16674.585170	 15047.522686	 36154.450481	 13532.671410	 11546.533069
192	 73035.033837	 11838.960996	 10950.757845	 50987.358136	 12715.921070	 28163.910062	 53606.995280	 11557.884050	 16707.213714	 15076.967422	 36225.196894	 13559.151911	 11569.127128
193	 73177.277712	 11862.018693	 10972.085667	 51086.661703	 12740.686745	 28218.762418	 53711.400883	 11580.394318	 16739.752876	 15106.331498	 36295.749505	 13585.559871	 11591.659294
194	 73319.238483	 11885.030499	 10993.371042	 51185.767630	 12765.403129	 28273.505603	 53815.598690	 11602.859785	 16772.227276	 15135.637131	 36366.161698	 13611.915273	 11614.146614
195	 73461.021166	 11908.013437	 11014.629714	 51284.749229	 12790.088507	 28328.180114	 53919.665782	 11625.297069	 16804.660938	 15164.906001	 36436.485560	 13638.237612	 11636.605724
196	 73602.728398	 11930.984145	 11035.877073	 51383.678153	 12814.760748	 28382.825529	 54023.677494	 11647.722413	 16837.077340	 15194.159295	 36506.771998	 13664.545944	 11659.052883
197	 73744.460654	 11953.958909	 11057.128184	 51482.624549	 12839.437347	 28437.480594	 54127.707574	 11670.151717	 16869.499466	 15223.417755	 36577.070848	 13690.858921	 11681.504005
198	 73886.316450	 11976.953698	 11078.397818	 51581.657189	 12864.135454	 28492.183298	 54231.828331	 11692.600572	 16901.949853	 15252.701718	 36647.430973	 13717.194834	 11703.974697
199	 74028.392527	 11999.984195	 11099.700481	 51680.843613	 12888.871914	 28546.970948	 54336.110772	 11715.084286	 16934.450631	 15282.031154	 36717.900357	 13743.571643	 11726.480283
200	 74170.784028	 12023.065823	 11121.050438	 51780.250242	 12913.663291	 28601.880232	 54440.624731	 11737.617916	 16967.023563	 15311.425705	 36788.526191	 13770.007011	 11749.035833
