  1	 0.000574	 0.000329	 0.000190	 0.000427	 0.000266	 0.000118	 0.000178	 0.000544	 0.000732
  2	 0.002353	 0.001348	 0.000778	 0.001750	 0.001089	 0.000485	 0.000728	 0.002231	 0.002999
  3	 0.005468	 0.003132	 0.001808	 0.004067	 0.002532	 0.001127	 0.001691	 0.005186	 0.006969
  4	 0.010092	 0.005781	 0.003336	 0.007506	 0.004672	 0.002080	 0.003121	 0.009572	 0.012862
  5	 0.016432	 0.009413	 0.005432	 0.012222	 0.007608	 0.003387	 0.005082	 0.015586	 0.020944
  6	 0.024739	 0.014172	 0.008177	 0.018400	 0.011454	 0.005098	 0.007651	 0.023465	 0.031532
  7	 0.035302	 0.020223	 0.011669	 0.026257	 0.016345	 0.007275	 0.010918	 0.033483	 0.044995
  8	 0.048459	 0.027760	 0.016018	 0.036043	 0.022436	 0.009987	 0.014987	 0.045963	 0.061765
  9	 0.064601	 0.037007	 0.021353	 0.048049	 0.029910	 0.013314	 0.019979	 0.061273	 0.082339
 10	 0.084178	 0.048222	 0.027824	 0.062610	 0.038974	 0.017348	 0.026034	 0.079842	 0.107291
 11	 0.107709	 0.061702	 0.035602	 0.080112	 0.049869	 0.022198	 0.033311	 0.102161	 0.137283
 12	 0.135791	 0.077789	 0.044884	 0.100998	 0.062871	 0.027985	 0.041996	 0.128796	 0.173075
 13	 0.169111	 0.096877	 0.055898	 0.125781	 0.078298	 0.034852	 0.052301	 0.160400	 0.215544
 14	 0.208460	 0.119419	 0.068904	 0.155049	 0.096517	 0.042962	 0.064470	 0.197723	 0.265698
 15	 0.254748	 0.145936	 0.084204	 0.189477	 0.117948	 0.052501	 0.078786	 0.241627	 0.324696
 16	 0.309022	 0.177027	 0.102144	 0.229844	 0.143077	 0.063686	 0.095571	 0.293104	 0.393871
 17	 0.372484	 0.213382	 0.123121	 0.277047	 0.172460	 0.076765	 0.115197	 0.353298	 0.474759
 18	 0.446521	 0.255795	 0.147593	 0.332114	 0.206739	 0.092024	 0.138095	 0.423521	 0.569124
 19	 0.532725	 0.305178	 0.176087	 0.396230	 0.246651	 0.109789	 0.164755	 0.505285	 0.678998
 20	 0.632929	 0.362581	 0.209208	 0.470761	 0.293046	 0.130441	 0.195745	 0.600328	 0.806716
 21	 0.749243	 0.429212	 0.247654	 0.557272	 0.346899	 0.154412	 0.231717	 0.710650	 0.954966
 22	 0.884092	 0.506462	 0.292227	 0.657571	 0.409334	 0.182203	 0.273421	 0.838554	 1.126842
 23	 1.040268	 0.595929	 0.343850	 0.773731	 0.481644	 0.214389	 0.321721	 0.986685	 1.325900
 24	 1.220983	 0.699454	 0.403583	 0.908143	 0.565314	 0.251632	 0.377611	 1.158091	 1.556233
 25	 1.429930	 0.819151	 0.472648	 1.063554	 0.662056	 0.294694	 0.442231	 1.356275	 1.822552
 26	 1.671360	 0.957457	 0.552451	 1.243125	 0.773839	 0.344451	 0.516898	 1.585270	 2.130273
 27	 1.950165	 1.117174	 0.644607	 1.450494	 0.902925	 0.401910	 0.603123	 1.849714	 2.485631
 28	 2.271970	 1.301523	 0.750976	 1.689847	 1.051921	 0.468230	 0.702647	 2.154943	 2.895795
 29	 2.643250	 1.514215	 0.873698	 1.965997	 1.223823	 0.544747	 0.817471	 2.507098	 3.369018
 30	 3.071451	 1.759514	 1.015236	 2.284484	 1.422079	 0.632995	 0.949900	 2.913243	 3.914792
 31	 3.565142	 2.042331	 1.178420	 2.651682	 1.650658	 0.734740	 1.102582	 3.381504	 4.544038
 32	 4.134181	 2.368311	 1.366510	 3.074922	 1.914123	 0.852013	 1.278568	 3.921233	 5.269321
 33	 4.789910	 2.743952	 1.583255	 3.562640	 2.217725	 0.987152	 1.481363	 4.543186	 6.105097
 34	 5.545378	 3.176730	 1.832966	 4.124542	 2.567506	 1.142846	 1.715005	 5.259740	 7.067996
 35	 6.415595	 3.675244	 2.120608	 4.771793	 2.970416	 1.322189	 1.984135	 6.085133	 8.177153
 36	 7.417834	 4.249387	 2.451887	 5.517238	 3.434452	 1.528741	 2.294094	 7.035747	 9.454580
 37	 8.571962	 4.910542	 2.833372	 6.375656	 3.968813	 1.766595	 2.651029	 8.130427	 10.925603
 38	 9.900840	 5.671804	 3.272619	 7.364048	 4.584082	 2.040463	 3.062007	 9.390855	 12.619356
 39	 11.430763	 6.548237	 3.778319	 8.501975	 5.292436	 2.355765	 3.535163	 10.841974	 14.569358
 40	 13.191986	 7.557173	 4.360472	 9.811938	 6.107880	 2.718735	 4.079852	 12.512477	 16.814167
 41	 15.219311	 8.718548	 5.030583	 11.319822	 7.046530	 3.136546	 4.706837	 14.435376	 19.398143
 42	 17.552774	 10.055297	 5.801885	 13.055405	 8.126922	 3.617449	 5.428501	 16.648644	 22.372315
 43	 20.242064	 11.595887	 6.690802	 15.055646	 9.372062	 4.171685	 6.260211	 19.199411	 25.800015
 44	 24.102794	 13.807547	 7.966925	 17.927180	 11.159577	 4.967342	 7.454209	 22.861278	 30.720802
 45	 28.539510	 16.349169	 9.433435	 21.227122	 13.213773	 5.881704	 8.826341	 27.069462	 36.375726
 46	 33.637905	 19.269840	 11.118656	 25.019207	 15.574327	 6.932432	 10.403108	 31.905243	 42.874010
 47	 39.496405	 22.625945	 13.055122	 29.376643	 18.286808	 8.139809	 12.214951	 37.461976	 50.341103
 48	 46.228056	 26.482244	 15.280198	 34.383511	 21.403558	 9.527134	 14.296832	 43.846885	 58.921092
 49	 53.962691	 30.913114	 17.836800	 40.136379	 24.984689	 11.121164	 16.688902	 51.183115	 68.779459
 50	 62.849414	 36.003970	 20.774213	 46.746148	 29.099235	 12.952628	 19.437276	 59.612091	 80.106248
 51	 73.059449	 41.852899	 24.149033	 54.340169	 33.826474	 15.056812	 22.594907	 69.296215	 93.119696
 52	 82.450202	 47.232494	 27.253048	 61.324825	 38.174387	 16.992151	 25.499161	 78.203257	 105.088908
 53	 93.253658	 53.421371	 30.824017	 69.360222	 43.176380	 19.218634	 28.840318	 88.450237	 118.858716
 54	 105.681832	 60.540985	 34.932019	 78.604051	 48.930616	 21.779955	 32.683947	 100.238245	 134.699347
 55	 119.978440	 68.730952	 39.657613	 89.237584	 55.549935	 24.726341	 37.105422	 113.798446	 152.921435
 56	 136.423605	 78.151743	 45.093389	 101.469172	 63.164035	 28.115522	 42.191376	 129.396533	 173.882020
 57	 155.339249	 88.987776	 51.345757	 115.538253	 71.921965	 32.013845	 48.041368	 147.337848	 197.991414
 58	 177.095264	 101.450945	 58.536979	 131.719946	 81.994985	 36.497539	 54.769795	 167.973228	 225.721072
 59	 202.116574	 115.784674	 66.807510	 150.330300	 93.579835	 41.654177	 62.508070	 191.705710	 257.612590
 60	 230.891210	 132.268537	 76.318664	 171.732304	 106.902471	 47.584338	 71.407128	 218.998188	 294.288002
 61	 263.979536	 151.223543	 87.255662	 196.342744	 122.222343	 54.403507	 81.640269	 250.382160	 336.461530
 62	 302.024768	 173.018167	 99.831114	 224.640033	 139.837259	 62.244243	 93.406419	 286.467712	 384.953005
 63	 345.764970	 198.075217	 114.288978	 257.173129	 160.088943	 71.258656	 106.933838	 327.954892	 440.703143
 64	 396.046698	 226.879651	 130.909075	 294.571680	 183.369348	 81.621210	 122.484338	 375.646648	 504.790940
 65	 453.840488	 259.987451	 150.012205	 337.557556	 210.127833	 93.531924	 140.358074	 430.463526	 578.453420
 66	 520.258429	 298.035690	 171.965958	 386.957904	 240.879294	 107.219989	 160.898979	 493.460332	 663.108020
 67	 596.574017	 341.753903	 197.191273	 443.719924	 276.213358	 122.947858	 184.500903	 565.844964	 760.377906
 68	 684.244549	 391.976919	 226.169847	 508.927528	 316.804754	 141.015866	 211.614542	 648.999657	 872.120513
 69	 784.936296	 449.659279	 259.452446	 583.820053	 363.424964	 161.767414	 242.755218	 744.504852	 1000.459625
 70	 900.552681	 515.891381	 297.668227	 669.813227	 416.955270	 185.594779	 278.511598	 854.165930	 1147.821298
 71	 1033.265691	 591.917469	 341.535118	 768.522532	 478.401302	 212.945585	 319.555407	 980.042998	 1316.973888
 72	 1185.550691	 679.155584	 391.871325	 881.789096	 548.909152	 244.329979	 366.652195	 1124.483919	 1511.072434
 73	 1360.224781	 779.219533	 449.608011	 1011.708221	 629.783136	 280.328539	 420.673199	 1290.160686	 1733.707539
 74	 1560.488712	 893.942900	 515.803149	 1160.660561	 722.505197	 321.600905	 482.608307	 1480.109181	 1988.958797
 75	 1789.972262	 1025.405043	 591.656525	 1331.345875	 828.755923	 368.895138	 553.580091	 1697.772216	 2281.452631
 76	 2052.782808	 1175.958917	 678.525790	 1526.819148	 950.437024	 423.057727	 634.858829	 1947.045600	 2616.424197
 77	 2353.556544	 1348.260418	 777.943389	 1750.528689	 1089.695057	 485.044145	 727.878344	 2232.326721	 2999.782669
 78	 2697.511513	 1545.298756	 891.634090	 2006.355575	 1248.945970	 555.929778	 834.252407	 2558.564843	 3438.178831
 79	 3090.501174	 1770.427149	 1021.532694	 2298.653491	 1430.899912	 636.920963	 955.791303	 2931.311919	 3939.073350
 80	 3539.066730	 2027.392798	 1169.801326	 2632.287658	 1638.585455	 729.365777	 1094.518012	 3356.772221	 4510.803476
 81	 4050.485805	 2320.364767	 1338.845528	 3012.671025	 1875.372135	 834.764064	 1252.683266	 3841.848507	 5162.645083
 82	 4632.814303	 2653.957969	 1531.328095	 3445.795414	 2144.989827	 954.776064	 1432.778494	 4394.181727	 5904.866016
 83	 5294.917451	 3033.250945	 1750.179334	 3938.254607	 2451.543128	 1091.228811	 1637.545422	 5022.180469	 6748.765668
 84	 6046.485104	 3463.794634	 1998.602126	 4497.255724	 2799.518433	 1246.119285	 1869.980805	 5735.035471	 7706.694477
 85	 6898.025426	 3951.608752	 2280.069833	 5130.614530	 3193.781015	 1421.613113	 2133.334478	 6542.713629	 8792.045882
 86	 7860.830226	 4503.161934	 2598.314844	 5846.729649	 3639.558974	 1620.037422	 2431.098628	 7455.925120	 10019.212129
 87	 8946.904504	 5125.331375	 2957.305287	 6654.530161	 4142.410615	 1843.866321	 2766.986010	 8486.056577	 11403.494484
 88	 10168.852498	 5825.337549	 3361.207358	 7563.390848	 4708.171694	 2095.697415	 3144.894704	 9645.063003	 12960.957985
 89	 11539.712757	 6610.649730	 3814.330814	 8583.009526	 5342.879048	 2378.217817	 3568.857110	 10945.311341	 14708.221230
 90	 13072.735876	 7488.858667	 4321.055500	 9723.241723	 6052.667695	 2694.158341	 4042.971204	 12399.369660	 16662.173089
 91	 14781.100652	 8467.513976	 4885.737529	 10993.889569	 6843.639409	 3046.235003	 4571.312759	 14019.737927	 18839.610916
 92	 16677.567792	 9553.925765	 5512.594817	 12404.444221	 7721.702386	 3437.077655	 5157.828244	 15818.519554	 21256.799180
 93	 18774.074952	 10754.932652	 6205.573233	 13963.784675	 8692.383756	 3869.146528	 5806.209590	 17807.037300	 23928.953312
 94	 21081.282737	 12076.641679	 6968.196527	 15679.840075	 9760.619369	 4344.638663	 6519.753772	 19995.402649	 26869.661043
 95	 23608.087870	 13524.149431	 7803.405417	 17559.227629	 10930.528403	 4865.387586	 7301.212259	 22392.054062	 30090.261910
 96	 26361.126548	 15101.257525	 8713.393428	 19606.883207	 12205.183413	 5432.760949	 8152.637408	 25003.285909	 33599.214236
 97	 29344.296925	 16810.199061	 9699.449055	 21825.706180	 13586.389240	 6047.562122	 9075.234793	 27832.795555	 37401.486511
 98	 32558.333826	 18651.394992	 10761.815186	 24216.243095	 15074.486109	 6709.942546	 10069.231670	 30881.279975	 41498.015322
 99	 36000.469980	 20623.260056	 11899.577128	 26776.435712	 16668.192774	 7419.331913	 11133.772213	 34146.114437	 45885.273578
100	 39664.215616	 22722.076519	 13110.589757	 29501.457067	 18364.504477	 8174.392747	 12266.849348	 37621.143453	 50554.989583
101	 43539.281845	 24941.950276	 14391.452187	 32383.654488	 20158.657469	 8973.004614	 13465.281055	 41296.608105	 55494.049382
102	 47611.663238	 27274.858168	 15737.535072	 35412.611017	 22044.167246	 9812.281136	 14724.735913	 45159.224375	 60684.602017
103	 51863.882527	 29710.788150	 17143.061483	 38575.327406	 24012.941844	 10688.620425	 16039.808771	 49192.415235	 66104.371412
104	 56275.386896	 32237.966320	 18601.237905	 41856.516879	 26055.465325	 11597.786754	 17404.143314	 53376.686526	 71727.161475
105	 60823.072842	 34843.157585	 20104.427716	 45238.995509	 28161.040781	 12535.018726	 18810.594381	 57690.124790	 77523.525075
106	 65481.906649	 37512.021108	 21644.356285	 48704.143713	 30318.077621	 13495.157145	 20251.419860	 62108.985777	 83461.554881
107	 70225.601411	 40229.498151	 23212.334751	 52232.409814	 32514.405025	 14472.784547	 21718.490066	 66608.336599	 89507.746279
108	 75027.309775	 42980.208916	 24799.489004	 55803.825281	 34737.592686	 15462.367964	 23203.501989	 71162.712789	 95627.880324
109	 79860.293917	 45748.836349	 26396.981136	 59398.503052	 36975.261011	 16458.397002	 24698.186491	 75746.753766	 101787.877670
110	 84698.539986	 48520.478135	 27996.212543	 62997.094539	 39215.365604	 17455.510469	 26194.498336	 80335.785632	 107954.581734
111	 89517.292143	 51280.952621	 29589.000442	 66581.186841	 41446.444529	 18448.606439	 27684.781349	 84906.327702	 114096.439357
112	 94293.490128	 54017.049488	 31167.722507	 70133.628194	 43657.820903	 19432.932426	 29161.903743	 89436.507532	 120184.058528
113	 99006.102939	 56716.720898	 32725.427161	 73638.776156	 45839.757384	 20404.154152	 30619.361315	 93906.377409	 126190.633670
114	 103636.358783	 59369.213225	 34255.909584	 77082.668639	 47983.562647	 21358.402943	 32051.348561	 98298.132463	 132092.238741
115	 108167.877507	 61965.142922	 35753.755490	 80453.122410	 50081.652691	 22292.303015	 33452.799633	 102596.236265	 137867.996015
116	 112586.715978	 64496.522511	 37214.356122	 83739.766842	 52127.571856	 23202.980828	 34819.402375	 106787.463885	 143500.133936
117	 116881.339493	 66956.744215	 38633.898805	 86934.022654	 54115.979582	 24088.059198	 36147.589478	 110860.874762	 148973.950666
118	 121042.533367	 69340.529300	 40009.337723	 90029.036144	 56042.609476	 24945.639072	 37434.511142	 114807.728853	 154277.701407
119	 125063.268800	 71643.851243	 41338.349578	 93019.579431	 57904.207208	 25774.271885	 38677.993587	 118621.359405	 159402.427429
120	 128938.536188	 73863.840237	 42619.278499	 95901.926471	 59698.453337	 26572.925208	 39876.487507	 122297.014856	 164341.743622
121	 132665.157610	 75998.675775	 43851.074058	 98673.713589	 61423.876485	 27340.944105	 41029.010072	 125831.680976	 169091.599486
122	 136241.588457	 78047.473013	 45033.225700	 101333.791935	 63079.761501	 28078.010247	 42135.083588	 129223.892718	 173650.026305
123	 139667.716395	 80010.167596	 46165.696295	 103882.077958	 64666.056373	 28784.100483	 43194.673311	 132473.543533	 178016.880899
124	 142944.664042	 81887.402631	 47248.856912	 106319.406639	 66183.280874	 29459.446174	 44208.126432	 135581.698216	 182193.594130
125	 146074.600180	 83680.420527	 48283.424419	 108647.391074	 67632.439148	 30104.494282	 45176.113684	 138550.413836	 186182.930270
126	 149060.562869	 85390.961669	 49270.403015	 110868.290913	 69014.937813	 30719.870922	 46099.574640	 141382.571964	 189988.761554
127	 151906.296676	 87021.171175	 50211.030427	 112984.891290	 70332.510604	 31306.347812	 46979.667372	 144081.724289	 193615.860710
128	 154616.105238	 88573.514428	 51106.729178	 115000.393165	 71587.150099	 31864.811886	 47817.722855	 146651.952769	 197069.713042
129	 157194.719609	 90050.701664	 51959.063067	 116918.315402	 72781.046774	 32396.238167	 48615.204251	 149097.744767	 200356.348631
130	 159647.182283	 91455.621531	 52769.698838	 118742.408509	 73916.535301	 32901.665863	 49373.671037	 151423.883041	 203482.194510
131	 161978.746315	 92791.283299	 53540.372834	 120476.579603	 74996.047840	 33382.177574	 50094.747813	 153635.350067	 206453.946089
132	 164194.788703	 94060.767239	 54272.862363	 122124.827989	 76022.073938	 33838.881445	 50780.097509	 155737.245876	 209278.456749
133	 166300.736964	 95267.182562	 54968.961435	 123691.190546	 76997.126530	 34272.896033	 51431.398680	 157734.718419	 211962.644265
134	 168302.007768	 96413.632269	 55630.460474	 125179.696086	 77923.713532	 34685.337658	 52050.326524	 159632.905357	 214513.412585
135	 170203.956410	 97503.184197	 56259.129616	 126594.327773	 78804.314442	 35077.309992	 52638.537260	 161436.886140	 216937.587432
136	 172011.835938	 98538.847611	 56856.705200	 127938.992717	 79641.361417	 35449.895636	 53197.655484	 163151.643233	 219241.864203
137	 173730.764757	 99523.554646	 57424.879062	 129217.497887	 80437.224275	 35804.149440	 53729.264153	 164782.031397	 221432.766688
138	 175365.701634	 100460.145985	 57965.290270	 130433.531517	 81194.198921	 36141.093356	 54234.896851	 166332.753977	 223516.615202
139	 176921.427069	 101351.360189	 58479.518968	 131590.649247	 81914.498725	 36461.712598	 54716.032031	 167808.345234	 225499.502848
140	 178402.530099	 102199.826139	 58969.082014	 132692.264311	 82600.248406	 36766.952918	 55174.088934	 169213.157826	 227387.278696
141	 179813.399696	 103008.058104	 59435.430136	 133741.641141	 83253.480057	 37057.718839	 55610.424924	 170551.354653	 229185.536815
142	 181158.220000	 103778.453015	 59879.946359	 134741.891816	 83876.130930	 37334.872671	 56026.334020	 171826.904334	 230899.610203
143	 182440.968714	 104513.289542	 60303.945470	 135695.974874	 84470.042700	 37599.234177	 56423.046396	 173043.579683	 232534.568739
144	 183665.418085	 105214.728657	 60708.674345	 136606.696037	 85036.961915	 37851.580780	 56801.728685	 174204.958643	 234095.220431
145	 184835.137954	 105884.815383	 61095.312959	 137476.710481	 85578.541407	 38092.648187	 57163.484923	 175314.427172	 235586.115306
146	 185953.500430	 106525.481468	 61464.975926	 138308.526314	 86096.342462	 38323.131356	 57509.357993	 176375.183687	 237011.551368
147	 187023.685828	 107138.548792	 61818.714466	 139104.508992	 86591.837564	 38543.685717	 57840.331462	 177390.244688	 238375.582165
148	 188048.689538	 107725.733294	 62157.518673	 139866.886426	 87066.413574	 38754.928591	 58157.331707	 178362.451273	 239682.025544
149	 189031.329560	 108288.649299	 62482.320009	 140597.754590	 87521.375227	 38957.440738	 58461.230245	 179294.476289	 240934.473255
150	 189974.254488	 108828.814080	 62793.993937	 141299.083454	 87957.948818	 39151.768007	 58752.846198	 180188.831905	 242136.301129
151	 190879.951750	 109347.652589	 63093.362652	 141972.723119	 88377.286026	 39338.423031	 59032.948847	 181047.877423	 243290.679578
152	 191750.755963	 109846.502236	 63381.197836	 142620.410025	 88780.467776	 39517.886952	 59302.260213	 181873.827204	 244400.584241
153	 192588.857267	 110326.617667	 63658.223416	 143243.773155	 89168.508102	 39690.611135	 59561.457635	 182668.758577	 245468.806618
154	 193396.309561	 110789.175480	 63925.118289	 143844.340161	 89542.357957	 39857.018867	 59811.176317	 183434.619647	 246497.964556
155	 194175.038556	 111235.278838	 64182.518977	 144423.543345	 89902.908945	 40017.507018	 60052.011818	 184173.236931	 247490.512513
156	 194926.849576	 111665.961943	 64431.022211	 144982.725474	 90250.996928	 40172.447648	 60284.522468	 184886.322764	 248448.751513
157	 195653.435095	 112082.194345	 64671.187421	 145523.145376	 90587.405523	 40322.189558	 60509.231691	 185575.482441	 249374.838737
158	 196356.381950	 112484.885083	 64903.539119	 146045.983308	 90912.869432	 40467.059779	 60726.630247	 186242.221064	 250270.796728
159	 197037.178227	 112874.886621	 65128.569176	 146552.346079	 91228.077639	 40607.364990	 60937.178350	 186887.950067	 251138.522162
160	 197697.219804	 113252.998604	 65346.738985	 147043.271916	 91533.676434	 40743.392868	 61141.307701	 187513.993428	 251979.794189
161	 198337.816551	 113619.971405	 65558.481509	 147519.735074	 91830.272286	 40875.413363	 61339.423399	 188121.593546	 252796.282334
162	 198960.198177	 113976.509476	 65764.203217	 147982.650186	 92118.434550	 41003.679907	 61531.905755	 188711.916790	 253589.553956
163	 199565.519747	 114323.274509	 65964.285902	 148432.876367	 92398.698019	 41128.430547	 61719.111991	 189286.058728	 254361.081268
164	 200154.866858	 114660.888399	 66159.088398	 148871.221061	 92671.565325	 41249.889012	 61901.377847	 189845.049038	 255112.247945
165	 200729.260497	 114989.936031	 66348.948181	 149298.443660	 92937.509183	 41368.265718	 62079.019082	 190389.856118	 255844.355311
166	 201289.661592	 115310.967882	 66534.182875	 149715.258883	 93196.974504	 41483.758703	 62252.332879	 190921.391400	 256558.628141
167	 201836.975269	 115624.502464	 66715.091661	 150122.339943	 93450.380359	 41596.554503	 62421.599163	 191440.513385	 257256.220084
168	 202372.054821	 115931.028594	 66891.956585	 150520.321503	 93698.121823	 41706.828974	 62587.081832	 191948.031415	 257938.218726
169	 202895.705420	 116231.007525	 67065.043789	 150909.802435	 93940.571689	 41814.748054	 62749.029898	 192444.709189	 258605.650318
170	 203408.687576	 116524.874922	 67234.604651	 151291.348391	 94178.082073	 41920.468476	 62907.678562	 192931.268042	 259259.484186
171	 203911.720355	 116813.042710	 67400.876851	 151665.494197	 94410.985903	 42024.138433	 63063.250208	 193408.390003	 259900.636835
172	 204405.484385	 117095.900795	 67564.085364	 152032.746092	 94639.598308	 42125.898194	 63215.955333	 193876.720641	 260529.975775
173	 204890.624646	 117373.818660	 67724.443380	 152393.583798	 94864.217915	 42225.880683	 63365.993406	 194336.871713	 261148.323080
174	 205367.753071	 117647.146858	 67882.153169	 152748.462459	 95085.128046	 42324.212015	 63513.553680	 194789.423633	 261756.458705
175	 205837.450966	 117916.218397	 68037.406873	 153097.814440	 95302.597848	 42421.011990	 63658.815933	 195234.927764	 262355.123568
176	 206300.271262	 118181.350028	 68190.387260	 153442.050999	 95516.883326	 42516.394561	 63801.951168	 195673.908555	 262945.022419
177	 206756.740604	 118442.843446	 68341.268405	 153781.563844	 95728.228317	 42610.468265	 63943.122261	 196106.865525	 263526.826509
178	 207207.361309	 118700.986409	 68490.216345	 154116.726589	 95936.865392	 42703.336624	 64082.484560	 196534.275116	 264101.176075
179	 207652.613170	 118956.053771	 68637.389670	 154447.896094	 96143.016697	 42795.098519	 64220.186451	 196956.592409	 264668.682651
180	 208092.955152	 119208.308456	 68782.940085	 154775.413729	 96346.894731	 42885.848538	 64356.369877	 197374.252725	 265229.931221
181	 208528.826957	 119458.002351	 68927.012931	 155099.606534	 96548.703076	 42975.677298	 64491.170822	 197787.673121	 265785.482219
182	 208960.650492	 119705.377152	 69069.747664	 155420.788317	 96748.637075	 43064.671751	 64624.719770	 198197.253769	 266335.873396
183	 209388.831230	 119950.665136	 69211.278308	 155739.260660	 96946.884461	 43152.915461	 64757.142119	 198603.379258	 266881.621558
184	 209813.759480	 120194.089897	 69351.733877	 156055.313866	 97143.625948	 43240.488865	 64888.558579	 199006.419793	 267423.224181
185	 210235.811571	 120435.867019	 69491.238762	 156369.227842	 97339.035775	 43327.469523	 65019.085538	 199406.732317	 267961.160927
186	 210655.350956	 120676.204710	 69629.913098	 156681.272918	 97533.282221	 43413.932337	 65148.835398	 199804.661562	 268495.895042
187	 211072.729239	 120915.304391	 69767.873104	 156991.710608	 97726.528078	 43499.949770	 65277.916900	 200200.541022	 269027.874672
188	 211488.287138	 121153.361245	 69905.231402	 157300.794333	 97918.931099	 43585.592040	 65406.435416	 200594.693864	 269557.534087
189	 211902.355376	 121390.564730	 70042.097308	 157608.770078	 98110.644407	 43670.927307	 65534.493229	 200987.433777	 270085.294819
190	 212315.255522	 121627.099061	 70178.577113	 157915.877019	 98301.816890	 43756.021841	 65662.189789	 201379.065765	 270611.566731
191	 212727.300765	 121863.143652	 70314.774339	 158222.348100	 98492.593554	 43840.940188	 65789.621955	 201769.886886	 271136.749005
192	 213138.796644	 122098.873534	 70450.789979	 158528.410576	 98683.115862	 43925.745318	 65916.884221	 202160.186940	 271661.231075
193	 213550.041727	 122334.459744	 70586.722720	 158834.286513	 98873.522051	 44010.498760	 66044.068924	 202550.249116	 272185.393485
194	 213961.328239	 122570.069687	 70722.669156	 159140.193266	 99063.947423	 44095.260741	 66171.266439	 202940.350587	 272709.608700
195	 214372.942657	 122805.867475	 70858.723977	 159446.343908	 99254.524614	 44180.090300	 66298.565365	 203330.763074	 273234.241856
196	 214785.166253	 123042.014237	 70994.980156	 159752.947645	 99445.383855	 44265.045404	 66426.052690	 203721.753361	 273759.651455
197	 215198.275608	 123278.668416	 71131.529113	 160060.210191	 99636.653202	 44350.183054	 66553.813952	 204113.583782	 274286.190019
198	 215612.543082	 123515.986036	 71268.460875	 160368.334124	 99828.458757	 44435.559381	 66681.933382	 204506.512669	 274814.204692
199	 216028.237256	 123754.120957	 71405.864217	 160677.519208	 100020.924873	 44521.229737	 66810.494044	 204900.794767	 275344.037800
200	 216445.623335	 123993.225103	 71543.826800	 160987.962697	 100214.174339	 44607.248776	 66939.577956	 205296.681621	 275876.027367
