  1	 0.000383	 0.000219	 0.000126	 0.000285	 0.000177	 0.000079	 0.000118	 0.000363	 0.000488
  2	 0.001186	 0.000679	 0.000392	 0.000882	 0.000549	 0.000244	 0.000367	 0.001125	 0.001511
  3	 0.002077	 0.001190	 0.000686	 0.001545	 0.000962	 0.000428	 0.000642	 0.001970	 0.002647
  4	 0.003082	 0.001766	 0.001019	 0.002293	 0.001427	 0.000635	 0.000953	 0.002924	 0.003929
  5	 0.004227	 0.002422	 0.001397	 0.003144	 0.001957	 0.000871	 0.001307	 0.004009	 0.005388
  6	 0.005538	 0.003172	 0.001830	 0.004119	 0.002564	 0.001141	 0.001713	 0.005252	 0.007058
  7	 0.007042	 0.004034	 0.002328	 0.005238	 0.003260	 0.001451	 0.002178	 0.006679	 0.008976
  8	 0.008771	 0.005025	 0.002899	 0.006524	 0.004061	 0.001808	 0.002713	 0.008320	 0.011180
  9	 0.010761	 0.006165	 0.003557	 0.008004	 0.004982	 0.002218	 0.003328	 0.010207	 0.013716
 10	 0.013051	 0.007477	 0.004314	 0.009707	 0.006043	 0.002690	 0.004036	 0.012379	 0.016635
 11	 0.015687	 0.008987	 0.005185	 0.011668	 0.007263	 0.003233	 0.004852	 0.014879	 0.019995
 12	 0.018721	 0.010725	 0.006188	 0.013925	 0.008668	 0.003858	 0.005790	 0.017757	 0.023862
 13	 0.022214	 0.012725	 0.007343	 0.016522	 0.010285	 0.004578	 0.006870	 0.021069	 0.028313
 14	 0.026233	 0.015028	 0.008671	 0.019512	 0.012146	 0.005406	 0.008113	 0.024882	 0.033436
 15	 0.030859	 0.017678	 0.010200	 0.022952	 0.014288	 0.006360	 0.009544	 0.029269	 0.039332
 16	 0.036182	 0.020727	 0.011960	 0.026912	 0.016752	 0.007457	 0.011190	 0.034319	 0.046117
 17	 0.042308	 0.024237	 0.013985	 0.031468	 0.019589	 0.008719	 0.013085	 0.040129	 0.053925
 18	 0.049358	 0.028275	 0.016315	 0.036711	 0.022853	 0.010172	 0.015265	 0.046815	 0.062910
 19	 0.057469	 0.032922	 0.018996	 0.042745	 0.026608	 0.011844	 0.017773	 0.054509	 0.073249
 20	 0.066803	 0.038269	 0.022081	 0.049687	 0.030930	 0.013767	 0.020660	 0.063362	 0.085146
 21	 0.077543	 0.044421	 0.025631	 0.057675	 0.035902	 0.015981	 0.023981	 0.073549	 0.098834
 22	 0.089900	 0.051500	 0.029715	 0.066866	 0.041624	 0.018527	 0.027803	 0.085269	 0.114584
 23	 0.104118	 0.059645	 0.034415	 0.077441	 0.048206	 0.021458	 0.032200	 0.098755	 0.132706
 24	 0.120477	 0.069016	 0.039822	 0.089608	 0.055781	 0.024829	 0.037260	 0.114271	 0.153557
 25	 0.139299	 0.079799	 0.046044	 0.103608	 0.064495	 0.028708	 0.043081	 0.132124	 0.177547
 26	 0.160955	 0.092205	 0.053202	 0.119715	 0.074522	 0.033171	 0.049778	 0.152664	 0.205149
 27	 0.185872	 0.106479	 0.061438	 0.138248	 0.086058	 0.038306	 0.057484	 0.176298	 0.236907
 28	 0.214539	 0.122901	 0.070914	 0.159570	 0.099332	 0.044214	 0.066350	 0.203489	 0.273446
 29	 0.247523	 0.141796	 0.081816	 0.184103	 0.114603	 0.051012	 0.076551	 0.234773	 0.315486
 30	 0.285472	 0.163536	 0.094360	 0.212328	 0.132173	 0.058833	 0.088287	 0.270768	 0.363855
 31	 0.329134	 0.188548	 0.108792	 0.244803	 0.152389	 0.067831	 0.101790	 0.312180	 0.419505
 32	 0.379368	 0.217325	 0.125396	 0.282166	 0.175647	 0.078184	 0.117326	 0.359827	 0.483533
 33	 0.437164	 0.250434	 0.144500	 0.325154	 0.202407	 0.090095	 0.135201	 0.414646	 0.557198
 34	 0.503660	 0.288527	 0.166480	 0.374612	 0.233194	 0.103799	 0.155766	 0.477717	 0.641952
 35	 0.580165	 0.332354	 0.191768	 0.431516	 0.268616	 0.119566	 0.179426	 0.550282	 0.739464
 36	 0.668186	 0.382778	 0.220862	 0.496984	 0.309370	 0.137706	 0.206648	 0.633769	 0.851653
 37	 0.769456	 0.440791	 0.254335	 0.572306	 0.356257	 0.158577	 0.237968	 0.729822	 0.980728
 38	 0.885967	 0.507536	 0.292847	 0.658965	 0.410202	 0.182589	 0.274001	 0.840332	 1.129231
 39	 1.020014	 0.584326	 0.337155	 0.758666	 0.472266	 0.210215	 0.315457	 0.967474	 1.300084
 40	 1.174235	 0.672673	 0.388131	 0.873373	 0.543670	 0.241998	 0.363153	 1.113751	 1.496650
 41	 1.351666	 0.774316	 0.446779	 1.005342	 0.625820	 0.278565	 0.418026	 1.282042	 1.722798
 42	 1.555796	 0.891255	 0.514252	 1.157171	 0.720333	 0.320634	 0.481157	 1.475659	 1.982978
 43	 1.793066	 1.027177	 0.592679	 1.333647	 0.830188	 0.369533	 0.554537	 1.700706	 2.285396
 44	 2.574161	 1.474636	 0.850862	 1.914610	 1.191835	 0.530508	 0.796104	 2.441568	 3.280960
 45	 2.958264	 1.694674	 0.977823	 2.200298	 1.369674	 0.609668	 0.914895	 2.805886	 3.770527
 46	 3.399531	 1.947458	 1.123679	 2.528504	 1.573981	 0.700609	 1.051364	 3.224424	 4.332955
 47	 3.906464	 2.237860	 1.291241	 2.905550	 1.808690	 0.805083	 1.208142	 3.705245	 4.979078
 48	 4.488824	 2.571472	 1.483734	 3.338698	 2.078322	 0.925101	 1.388247	 4.257608	 5.721340
 49	 5.157823	 2.954715	 1.704864	 3.836287	 2.388069	 1.062975	 1.595147	 4.892148	 6.574029
 50	 5.926336	 3.394966	 1.958888	 4.407891	 2.743889	 1.221358	 1.832823	 5.621075	 7.553556
 51	 6.809144	 3.900692	 2.250691	 5.064506	 3.152629	 1.403296	 2.105846	 6.458410	 8.678760
 52	 6.263101	 3.587886	 2.070202	 4.658371	 2.899812	 1.290762	 1.936973	 5.940494	 7.982788
 53	 7.205748	 4.127891	 2.381784	 5.359493	 3.336256	 1.485032	 2.228503	 6.834586	 9.184261
 54	 8.290010	 4.749022	 2.740176	 6.165945	 3.838269	 1.708487	 2.563830	 7.862998	 10.566234
 55	 9.537111	 5.463438	 3.152392	 7.093514	 4.415676	 1.965502	 2.949518	 9.045862	 12.155757
 56	 10.971440	 6.285109	 3.626494	 8.160340	 5.079769	 2.261103	 3.393109	 10.406310	 13.983915
 57	 12.621016	 7.230086	 4.171744	 9.387262	 5.843522	 2.601063	 3.903269	 11.970918	 16.086423
 58	 14.518024	 8.316807	 4.798780	 10.798218	 6.721835	 2.992017	 4.489952	 13.770212	 18.504300
 59	 16.699421	 9.566444	 5.519818	 12.420698	 7.731820	 3.441581	 5.164587	 15.839247	 21.284652
 60	 19.207635	 11.003302	 6.348882	 14.286258	 8.893122	 3.958499	 5.940296	 18.218265	 24.481558
 61	 22.091359	 12.655275	 7.302066	 16.431114	 10.228284	 4.552805	 6.832137	 20.953450	 28.157078
 62	 25.406450	 14.554360	 8.397835	 18.896813	 11.763169	 5.236012	 7.857387	 24.097784	 32.382407
 63	 29.216959	 16.737252	 9.657359	 21.730995	 13.527432	 6.021319	 9.035853	 27.712017	 37.239185
 64	 33.596295	 19.246002	 11.104902	 24.988258	 15.555061	 6.923856	 10.390239	 31.865776	 42.820974
 65	 38.628540	 22.128779	 12.768258	 28.731142	 17.884988	 7.960951	 11.946549	 36.638815	 49.234944
 66	 44.409940	 25.440716	 14.679239	 33.031233	 20.561771	 9.152438	 13.734547	 42.122419	 56.603767
 67	 51.050572	 29.244874	 16.874230	 37.970403	 23.636379	 10.521005	 15.788278	 48.420997	 65.067746
 68	 58.676225	 33.613312	 19.394810	 43.642212	 27.167052	 12.092575	 18.146644	 55.653859	 74.787207
 69	 67.430488	 38.628287	 22.288439	 50.153460	 31.220269	 13.896740	 20.854053	 63.957197	 85.945167
 70	 77.477075	 44.383583	 25.609233	 57.625912	 35.871832	 15.967240	 23.961135	 73.486292	 98.750288
 71	 89.002382	 50.985981	 29.418802	 66.198207	 41.208041	 18.342489	 27.525536	 84.417940	 113.440148
 72	 102.218291	 58.556858	 33.787182	 76.027938	 47.326998	 21.066154	 31.612786	 96.953108	 130.284806
 73	 117.365206	 67.233932	 38.793836	 87.293913	 54.340009	 24.187779	 36.297234	 111.319817	 149.590674
 74	 134.715301	 77.173122	 44.528727	 100.198569	 62.373091	 27.763458	 41.663053	 127.776223	 171.704659
 75	 154.575948	 88.550510	 51.093456	 114.970525	 71.568557	 31.856536	 47.805304	 146.613864	 197.018530
 76	 177.293261	 101.564369	 58.602425	 131.867212	 82.086657	 36.538344	 54.831028	 168.161026	 225.973432
 77	 203.255649	 116.437205	 67.184019	 151.177521	 94.107225	 41.888929	 62.860349	 192.786113	 259.064425
 78	 232.897270	 133.417729	 76.981746	 173.224371	 107.831275	 47.997766	 72.027536	 220.900917	 296.844873
 79	 266.701162	 152.782656	 88.155267	 198.367036	 123.482454	 54.964406	 82.481978	 252.963597	 339.930445
 80	 305.201833	 174.838183	 100.881259	 227.003071	 141.308238	 62.899004	 94.388981	 289.481129	 389.002410
 81	 348.986944	 199.920960	 115.353968	 259.569569	 161.580715	 71.922671	 107.930289	 331.010905	 444.809788
 82	 398.697690	 228.398300	 131.785333	 296.543436	 184.596756	 82.167552	 123.304203	 378.161090	 508.169827
 83	 455.027325	 260.667343	 150.404502	 338.440301	 210.677338	 93.776519	 140.725124	 431.589230	 579.966131
 84	 518.717202	 297.152781	 171.456522	 385.811569	 240.165707	 106.902357	 160.422327	 491.998492	 661.143611
 85	 590.549573	 338.302734	 195.199957	 439.239062	 273.424045	 121.706280	 182.637739	 560.130834	 752.699304
 86	 671.336277	 384.582274	 221.903153	 499.326611	 310.828233	 138.355601	 207.622434	 636.756280	 855.667961
 87	 761.902408	 436.464066	 251.838837	 566.687903	 352.760290	 157.020363	 235.631587	 722.657422	 971.101224
 88	 863.064009	 494.415587	 285.276741	 641.929896	 399.598041	 177.868743	 266.917573	 818.608269	 1100.039199
 89	 975.598933	 558.882440	 322.473978	 725.631141	 451.701633	 201.061050	 301.720958	 925.346609	 1243.473321
 90	 1100.210239	 630.267379	 363.662935	 818.314559	 509.396582	 226.742177	 340.259174	 1043.539285	 1402.299687
 91	 1237.481840	 708.904906	 409.036621	 920.414454	 572.953239	 255.032462	 382.712807	 1173.740136	 1577.262541
 92	 1387.826782	 795.031639	 458.731562	 1032.238041	 642.562843	 286.017031	 429.209598	 1316.340930	 1768.888340
 93	 1551.429314	 888.753125	 512.808660	 1153.922360	 718.310702	 319.733854	 479.806530	 1471.516425	 1977.411921
 94	 1728.183030	 990.008410	 571.232744	 1285.388269	 800.147551	 356.161003	 534.470695	 1639.165698	 2202.697664
 95	 1917.628587	 1098.534354	 633.851983	 1426.294118	 887.860713	 395.203812	 593.060032	 1818.853065	 2444.160101
 96	 2118.895782	 1213.832452	 700.378740	 1575.992667	 981.047286	 436.682941	 655.305417	 2009.753148	 2700.690094
 97	 2330.655938	 1335.141556	 770.373834	 1733.495671	 1079.092092	 480.324562	 720.795932	 2210.605706	 2970.594144
 98	 2551.091258	 1461.420322	 843.236413	 1897.451092	 1181.153493	 525.754047	 788.969393	 2419.686578	 3251.555337
 99	 2777.887885	 1591.343232	 918.201656	 2066.137926	 1286.160175	 572.494533	 859.110200	 2634.801092	 3540.624488
100	 3008.258473	 1723.313525	 994.348233	 2237.483001	 1392.821599	 619.971575	 930.356315	 2853.305475	 3834.248917
101	 3238.998135	 1855.495245	 1070.616805	 2409.102587	 1499.653903	 667.524681	 1001.716574	 3072.159921	 4128.343759
102	 3466.574614	 1985.864901	 1145.839819	 2578.369459	 1605.021656	 714.425886	 1072.098562	 3288.014116	 4418.406888
103	 3687.249784	 2112.281068	 1218.781678	 2742.503274	 1707.194107	 759.904801	 1140.346201	 3497.322484	 4699.673787
104	 3897.225648	 2232.568022	 1288.186994	 2898.679159	 1804.412788	 803.178698	 1205.284894	 3696.482659	 4967.303626
105	 4092.804491	 2344.607485	 1352.833525	 3044.146823	 1894.965657	 843.485515	 1265.771056	 3881.987391	 5216.583391
106	 4270.550497	 2446.431214	 1411.585600	 3176.350778	 1977.261935	 880.117165	 1320.742104	 4050.577842	 5443.133881
107	 4427.439423	 2536.306739	 1463.443586	 3293.041650	 2049.901400	 912.450382	 1369.262736	 4199.385544	 5643.100473
108	 4560.984000	 2612.809199	 1507.585343	 3392.369458	 2111.732447	 939.972566	 1410.563722	 4326.051346	 5813.312958
109	 4669.325528	 2674.873820	 1543.396497	 3472.951739	 2161.894500	 962.300657	 1444.070226	 4428.812288	 5951.402285
110	 4751.286002	 2721.825767	 1570.487671	 3533.912314	 2199.842143	 979.191879	 1469.417930	 4506.551043	 6055.866998
111	 4806.379462	 2753.386654	 1588.698235	 3574.889737	 2225.350376	 990.546083	 1486.456542	 4558.806683	 6126.087706
112	 4834.785351	 2769.659276	 1598.087503	 3596.017474	 2238.502284	 996.400249	 1495.241557	 4585.749408	 6162.293122
113	 4837.289874	 2771.094019	 1598.915347	 3597.880289	 2239.661876	 996.916406	 1496.016125	 4588.124924	 6165.485322
114	 4815.203411	 2758.441549	 1591.614899	 3581.452815	 2229.435859	 992.364609	 1489.185501	 4567.176117	 6137.334484
115	 4770.262842	 2732.696856	 1576.760266	 3548.026911	 2208.628406	 983.102814	 1475.286848	 4524.550401	 6080.054390
116	 4704.527330	 2695.039554	 1555.032083	 3499.134141	 2178.192910	 969.555391	 1454.956996	 4462.200873	 5996.269596
117	 4620.275011	 2646.774699	 1527.183364	 3436.468937	 2139.184144	 952.191842	 1428.900500	 4382.288324	 5888.883757
118	 4519.906430	 2589.277467	 1494.007584	 3361.816777	 2092.713560	 931.506895	 1397.859768	 4287.089649	 5760.956543
119	 4405.858822	 2523.944057	 1456.310345	 3276.990427	 2039.909596	 908.002839	 1362.588559	 4178.916542	 5615.594394
120	 4280.533642	 2452.150167	 1414.885424	 3183.776043	 1981.884124	 882.174590	 1323.829565	 4060.046762	 5455.858141
121	 4146.238301	 2375.217623	 1370.495510	 3083.889832	 1919.705474	 854.497682	 1282.296392	 3932.668867	 5284.688751
122	 4005.141926	 2294.389033	 1323.857585	 2978.945146	 1854.377950	 825.419149	 1238.659882	 3798.840255	 5104.850940
123	 3859.244162	 2210.809915	 1275.632612	 2870.429282	 1786.827385	 795.351099	 1193.538458	 3660.457568	 4918.893399
124	 3710.355506	 2125.517432	 1226.419031	 2759.688852	 1717.892041	 764.666656	 1147.492048	 3519.238048	 4729.123747
125	 3560.087443	 2039.434740	 1176.749502	 2647.922446	 1648.318031	 733.697932	 1101.019033	 3376.710173	 4537.595936
126	 3409.850536	 1953.369897	 1127.090270	 2536.179214	 1578.758447	 702.735628	 1054.555653	 3234.211850	 4346.107836
127	 3260.858754	 1868.018338	 1077.842602	 2425.362081	 1509.775355	 672.029933	 1008.477351	 3092.894517	 4156.206742
128	 3114.138429	 1783.968006	 1029.345740	 2316.234412	 1441.843945	 641.792361	 963.101535	 2953.731638	 3969.200786
129	 2970.540452	 1701.706346	 981.880938	 2209.429085	 1375.358181	 612.198274	 918.691360	 2817.530278	 3786.174496
130	 2830.754566	 1621.628484	 935.676182	 2105.459115	 1310.637412	 583.389820	 875.460141	 2684.944652	 3608.007000
131	 2695.324779	 1544.046061	 890.911288	 2004.729125	 1247.933514	 555.479113	 833.576121	 2556.490746	 3435.391675
132	 2564.665168	 1469.196284	 847.723127	 1907.547097	 1187.438204	 528.551492	 793.167362	 2432.561308	 3268.856294
133	 2439.075502	 1397.250880	 806.210782	 1814.135994	 1129.290276	 502.668735	 754.326570	 2313.440665	 3108.782934
134	 2318.756267	 1328.324700	 766.440523	 1724.644932	 1073.582553	 477.872160	 717.115752	 2199.318978	 2955.427130
135	 2203.822814	 1262.483824	 728.450478	 1639.159709	 1020.368443	 454.185541	 681.570580	 2090.305655	 2808.935905
136	 2094.318442	 1199.753056	 692.254958	 1557.712528	 969.667994	 431.617800	 647.704446	 1986.441766	 2669.364447
137	 1990.226314	 1140.122750	 657.848399	 1480.290868	 921.473411	 410.165468	 615.512143	 1887.711342	 2536.691298
138	 1891.480177	 1083.554953	 625.208900	 1406.845449	 875.754017	 389.814890	 584.973181	 1794.051539	 2410.832009
139	 1797.973872	 1029.988852	 594.301374	 1337.297313	 832.460663	 370.544188	 556.054728	 1705.361669	 2291.651277
140	 1709.569709	 979.345567	 565.080307	 1271.544050	 791.529596	 352.324986	 528.714201	 1621.511135	 2178.973603
141	 1626.105738	 931.532325	 537.492168	 1209.465203	 752.885835	 335.123908	 502.901515	 1542.346326	 2072.592571
142	 1547.402012	 886.446041	 511.477478	 1150.926933	 716.446064	 318.903868	 478.561017	 1467.696566	 1972.278825
143	 1473.265929	 843.976381	 486.972574	 1095.785984	 682.121109	 303.625173	 455.633142	 1397.379174	 1877.786880
144	 1403.496734	 804.008341	 463.911100	 1043.893040	 649.818020	 289.246449	 434.055804	 1331.203734	 1788.860857
145	 1337.889279	 766.424398	 442.225245	 995.095516	 619.441813	 275.725418	 413.765556	 1268.975667	 1705.239282
146	 1276.237122	 731.106290	 421.846772	 949.239864	 590.896907	 263.019533	 394.698553	 1210.499164	 1626.659027
147	 1218.335045	 697.936457	 402.707849	 906.173448	 564.088286	 251.086502	 376.791327	 1155.579577	 1552.858529
148	 1163.981079	 666.799198	 384.741717	 865.746046	 538.922437	 239.884701	 359.981417	 1104.025341	 1483.580361
149	 1112.978085	 637.581579	 367.883213	 827.811030	 515.308086	 229.373501	 344.207853	 1055.649470	 1418.573256
150	 1065.134973	 610.174133	 352.069175	 792.226273	 493.156758	 219.513520	 329.411538	 1010.270719	 1357.593656
151	 1020.267611	 584.471377	 337.238740	 758.854818	 472.383200	 210.266812	 315.535524	 967.714438	 1300.406869
152	 978.199457	 560.372179	 323.333553	 727.565359	 452.905674	 201.596992	 302.525215	 927.813182	 1246.787882
153	 938.761992	 537.779998	 310.297914	 698.232554	 434.646155	 193.469330	 290.328492	 890.407109	 1196.521902
154	 901.794953	 516.603029	 298.078848	 670.737205	 417.530442	 185.850798	 278.895792	 855.344213	 1149.404665
155	 867.146437	 496.754251	 286.626145	 644.966325	 401.488202	 178.710090	 268.180135	 822.480415	 1105.242557
156	 834.672870	 478.151415	 275.892348	 620.813130	 386.452963	 172.017617	 258.137119	 791.679536	 1063.852584
157	 804.238896	 460.716982	 265.832718	 598.176943	 372.362054	 165.745484	 248.724883	 762.813191	 1025.062222
158	 775.717183	 444.378009	 256.405165	 576.963058	 359.156521	 159.867448	 239.904046	 735.760608	 988.709180
159	 748.988181	 429.066011	 247.570174	 557.082557	 346.781011	 154.358871	 231.637637	 710.408396	 954.641081
160	 723.939837	 414.716795	 239.290707	 538.452095	 335.183645	 149.196661	 223.891000	 686.650272	 922.715106
161	 700.467278	 401.270284	 231.532099	 520.993671	 324.315867	 144.359205	 216.631703	 664.386766	 892.797585
162	 678.472480	 388.670326	 224.261950	 504.634377	 314.132290	 139.826300	 209.829429	 643.524903	 864.763582
163	 657.863927	 376.864492	 217.450009	 489.306144	 304.590544	 135.579086	 203.455875	 623.977880	 838.496449
164	 638.556260	 365.803886	 211.068063	 474.945484	 295.651108	 131.599972	 197.484642	 605.664735	 813.887393
165	 620.469936	 355.442938	 205.089819	 461.493235	 287.277152	 127.872564	 191.891132	 588.510023	 790.835030
166	 603.530886	 345.739220	 199.490794	 448.894306	 279.434384	 124.381597	 186.652436	 572.443491	 769.244953
167	 587.670188	 336.653247	 194.248206	 437.097433	 272.090892	 121.112868	 181.747239	 557.399764	 749.029314
168	 572.823739	 328.148298	 189.340869	 426.054939	 265.216996	 118.053166	 177.155716	 543.318045	 730.106413
169	 558.931958	 320.190240	 184.749086	 415.722507	 258.785111	 115.190210	 172.859441	 530.141818	 712.400305
170	 545.939484	 312.747360	 180.454561	 406.058963	 252.769605	 112.512593	 168.841292	 517.818576	 695.840432
171	 533.794903	 305.790205	 176.440297	 397.026064	 247.146672	 110.009718	 165.085369	 506.299552	 680.361261
172	 522.450480	 299.291429	 172.690517	 388.588307	 241.894212	 107.671748	 161.576908	 495.539472	 665.901951
173	 511.861913	 293.225653	 169.190578	 380.712741	 236.991712	 105.489551	 158.302209	 485.496313	 652.406035
174	 501.988096	 287.569331	 165.926891	 373.368792	 232.420142	 103.454658	 155.248560	 476.131089	 639.821123
175	 492.790903	 282.300619	 162.886856	 366.528102	 228.161848	 101.559210	 152.404168	 467.407636	 628.098617
176	 484.234978	 277.399264	 160.058785	 360.164375	 224.200461	 99.795920	 149.758099	 459.292420	 617.193455
177	 476.287546	 272.846491	 157.431844	 354.253232	 220.520805	 98.158035	 147.300217	 451.754353	 607.063861
178	 468.918230	 268.624899	 154.995995	 348.772081	 217.108817	 96.639294	 145.021128	 444.764625	 597.671122
179	 462.098890	 264.718366	 152.741933	 343.699992	 213.951468	 95.233897	 142.912128	 438.296544	 588.979366
180	 455.803463	 261.111962	 150.661046	 339.017577	 211.036689	 93.936473	 140.965158	 432.325389	 580.955376
181	 450.007817	 257.791864	 148.745356	 334.706891	 208.353309	 92.742049	 139.172753	 426.828273	 573.568396
182	 444.689624	 254.745279	 146.987483	 330.751325	 205.890989	 91.646024	 137.528010	 421.784016	 566.789963
183	 439.828227	 251.960375	 145.380600	 327.135514	 203.640166	 90.644139	 136.024538	 417.173026	 560.593752
184	 435.404531	 249.426212	 143.918393	 323.845256	 201.591998	 89.732460	 134.656433	 412.977190	 554.955422
185	 431.400891	 247.132684	 142.595032	 320.867428	 199.738315	 88.907350	 133.418237	 409.179775	 549.852486
186	 427.801016	 245.070456	 141.405131	 318.189913	 198.071575	 88.165453	 132.304913	 405.765326	 545.264178
187	 424.589875	 243.230919	 140.343722	 315.801530	 196.584819	 87.503669	 131.311812	 402.719589	 541.171340
188	 421.753611	 241.606135	 139.406225	 313.691973	 195.271631	 86.919144	 130.434648	 400.029419	 537.556311
189	 419.279464	 240.188793	 138.588422	 311.851751	 194.126103	 86.409247	 129.669475	 397.682712	 534.402826
190	 417.155692	 238.972167	 137.886431	 310.272132	 193.142798	 85.971559	 129.012662	 395.668334	 531.695921
191	 415.371509	 237.950078	 137.296688	 308.945092	 192.316722	 85.603857	 128.460872	 393.976053	 529.421847
192	 413.917015	 237.116856	 136.815921	 307.863268	 191.643292	 85.304101	 128.011044	 392.596479	 527.567987
193	 412.783141	 236.467304	 136.441131	 307.019915	 191.118310	 85.070421	 127.660374	 391.521010	 526.122780
194	 411.961591	 235.996670	 136.169576	 306.408862	 190.737932	 84.901108	 127.406295	 390.741777	 525.075653
195	 411.444789	 235.700614	 135.998752	 306.024476	 190.498654	 84.794600	 127.246466	 390.251596	 524.416952
196	 411.225836	 235.575184	 135.926380	 305.861622	 190.397278	 84.749476	 127.178750	 390.043920	 524.137879
197	 411.298456	 235.616785	 135.950383	 305.915635	 190.430901	 84.764442	 127.201209	 390.112799	 524.230438
198	 411.656959	 235.822158	 136.068883	 306.182284	 190.596888	 84.838326	 127.312083	 390.452837	 524.687378
199	 412.296202	 236.188355	 136.280178	 306.657740	 190.892857	 84.970068	 127.509780	 391.059153	 525.502140
200	 413.211544	 236.712719	 136.582735	 307.338553	 191.316660	 85.158710	 127.792865	 391.927347	 526.668812
