  1	 0.000132	 0.000021	 0.000020	 0.000092	 0.000023	 0.000051	 0.000097	 0.000021	 0.000030	 0.000027	 0.000065	 0.000024	 0.000021
  2	 0.000409	 0.000066	 0.000061	 0.000285	 0.000071	 0.000158	 0.000300	 0.000065	 0.000093	 0.000084	 0.000203	 0.000076	 0.000065
  3	 0.000716	 0.000116	 0.000107	 0.000500	 0.000125	 0.000276	 0.000525	 0.000113	 0.000164	 0.000148	 0.000355	 0.000133	 0.000113
  4	 0.001062	 0.000172	 0.000159	 0.000742	 0.000185	 0.000410	 0.000780	 0.000168	 0.000243	 0.000219	 0.000527	 0.000197	 0.000168
  5	 0.001457	 0.000236	 0.000218	 0.001017	 0.000254	 0.000562	 0.001069	 0.000231	 0.000333	 0.000301	 0.000723	 0.000270	 0.000231
  6	 0.001908	 0.000309	 0.000286	 0.001332	 0.000332	 0.000736	 0.001401	 0.000302	 0.000437	 0.000394	 0.000946	 0.000354	 0.000302
  7	 0.002427	 0.000393	 0.000364	 0.001694	 0.000423	 0.000936	 0.001781	 0.000384	 0.000555	 0.000501	 0.001204	 0.000450	 0.000384
  8	 0.003023	 0.000490	 0.000453	 0.002110	 0.000526	 0.001166	 0.002219	 0.000478	 0.000691	 0.000624	 0.001499	 0.000561	 0.000479
  9	 0.003708	 0.000601	 0.000556	 0.002589	 0.000646	 0.001430	 0.002722	 0.000587	 0.000848	 0.000766	 0.001839	 0.000688	 0.000587
 10	 0.004497	 0.000729	 0.000674	 0.003140	 0.000783	 0.001734	 0.003301	 0.000712	 0.001029	 0.000928	 0.002231	 0.000835	 0.000712
 11	 0.005406	 0.000876	 0.000811	 0.003774	 0.000941	 0.002085	 0.003968	 0.000855	 0.001237	 0.001116	 0.002681	 0.001004	 0.000856
 12	 0.006451	 0.001046	 0.000967	 0.004504	 0.001123	 0.002488	 0.004735	 0.001021	 0.001476	 0.001332	 0.003200	 0.001198	 0.001022
 13	 0.007655	 0.001241	 0.001148	 0.005344	 0.001333	 0.002952	 0.005619	 0.001211	 0.001751	 0.001580	 0.003797	 0.001421	 0.001213
 14	 0.009040	 0.001465	 0.001355	 0.006311	 0.001574	 0.003486	 0.006635	 0.001431	 0.002068	 0.001866	 0.004484	 0.001678	 0.001432
 15	 0.010634	 0.001724	 0.001594	 0.007424	 0.001851	 0.004101	 0.007805	 0.001683	 0.002433	 0.002195	 0.005274	 0.001974	 0.001684
 16	 0.012468	 0.002021	 0.001869	 0.008704	 0.002171	 0.004808	 0.009152	 0.001973	 0.002852	 0.002574	 0.006184	 0.002315	 0.001975
 17	 0.014579	 0.002363	 0.002186	 0.010178	 0.002538	 0.005622	 0.010701	 0.002307	 0.003335	 0.003010	 0.007231	 0.002707	 0.002309
 18	 0.017009	 0.002757	 0.002550	 0.011874	 0.002961	 0.006559	 0.012484	 0.002692	 0.003891	 0.003511	 0.008436	 0.003158	 0.002694
 19	 0.019804	 0.003210	 0.002969	 0.013825	 0.003448	 0.007637	 0.014536	 0.003134	 0.004530	 0.004088	 0.009823	 0.003677	 0.003137
 20	 0.023020	 0.003732	 0.003452	 0.016071	 0.004008	 0.008877	 0.016897	 0.003643	 0.005266	 0.004752	 0.011418	 0.004274	 0.003647
 21	 0.026721	 0.004331	 0.004007	 0.018655	 0.004652	 0.010304	 0.019613	 0.004229	 0.006113	 0.005516	 0.013254	 0.004961	 0.004233
 22	 0.030979	 0.005022	 0.004645	 0.021627	 0.005394	 0.011946	 0.022738	 0.004902	 0.007087	 0.006395	 0.015366	 0.005751	 0.004907
 23	 0.035879	 0.005816	 0.005380	 0.025048	 0.006247	 0.013836	 0.026335	 0.005678	 0.008207	 0.007407	 0.017796	 0.006661	 0.005683
 24	 0.041516	 0.006730	 0.006225	 0.028983	 0.007228	 0.016009	 0.030472	 0.006570	 0.009497	 0.008570	 0.020592	 0.007708	 0.006576
 25	 0.048002	 0.007781	 0.007197	 0.033511	 0.008358	 0.018511	 0.035233	 0.007596	 0.010981	 0.009909	 0.023809	 0.008912	 0.007604
 26	 0.055465	 0.008991	 0.008316	 0.038721	 0.009657	 0.021388	 0.040710	 0.008777	 0.012688	 0.011450	 0.027510	 0.010297	 0.008786
 27	 0.064051	 0.010383	 0.009604	 0.044715	 0.011152	 0.024699	 0.047013	 0.010136	 0.014652	 0.013222	 0.031769	 0.011891	 0.010146
 28	 0.073930	 0.011984	 0.011085	 0.051612	 0.012872	 0.028509	 0.054264	 0.011699	 0.016912	 0.015262	 0.036669	 0.013725	 0.011711
 29	 0.085296	 0.013826	 0.012789	 0.059547	 0.014851	 0.032892	 0.062606	 0.013498	 0.019512	 0.017608	 0.042306	 0.015835	 0.013511
 30	 0.098373	 0.015946	 0.014750	 0.068676	 0.017127	 0.037935	 0.072205	 0.015568	 0.022503	 0.020308	 0.048793	 0.018263	 0.015583
 31	 0.113418	 0.018385	 0.017006	 0.079180	 0.019747	 0.043737	 0.083248	 0.017949	 0.025945	 0.023413	 0.056255	 0.021056	 0.017966
 32	 0.130729	 0.021191	 0.019601	 0.091265	 0.022761	 0.050412	 0.095954	 0.020688	 0.029905	 0.026987	 0.064841	 0.024270	 0.020708
 33	 0.150645	 0.024420	 0.022588	 0.105169	 0.026228	 0.058092	 0.110572	 0.023840	 0.034461	 0.031098	 0.074720	 0.027968	 0.023863
 34	 0.173560	 0.028134	 0.026023	 0.121166	 0.030218	 0.066928	 0.127391	 0.027466	 0.039703	 0.035829	 0.086085	 0.032222	 0.027493
 35	 0.199923	 0.032408	 0.029976	 0.139571	 0.034808	 0.077095	 0.146742	 0.031638	 0.045734	 0.041271	 0.099161	 0.037116	 0.031669
 36	 0.230255	 0.037324	 0.034524	 0.160746	 0.040089	 0.088791	 0.169005	 0.036438	 0.052672	 0.047533	 0.114206	 0.042747	 0.036474
 37	 0.265152	 0.042981	 0.039756	 0.185109	 0.046165	 0.102248	 0.194619	 0.041961	 0.060655	 0.054737	 0.131515	 0.049226	 0.042001
 38	 0.305302	 0.049489	 0.045776	 0.213138	 0.053155	 0.117731	 0.224088	 0.048314	 0.069840	 0.063025	 0.151429	 0.056680	 0.048361
 39	 0.351494	 0.056977	 0.052702	 0.245386	 0.061198	 0.135544	 0.257993	 0.055624	 0.080406	 0.072561	 0.174340	 0.065256	 0.055678
 40	 0.404638	 0.065592	 0.060671	 0.282487	 0.070450	 0.156037	 0.297000	 0.064034	 0.092563	 0.083531	 0.200699	 0.075122	 0.064097
 41	 0.465780	 0.075503	 0.069838	 0.325171	 0.081096	 0.179615	 0.341878	 0.073710	 0.106550	 0.096153	 0.231026	 0.086473	 0.073782
 42	 0.536123	 0.086905	 0.080385	 0.374279	 0.093343	 0.206741	 0.393509	 0.084842	 0.122641	 0.110674	 0.265916	 0.099533	 0.084925
 43	 0.617885	 0.100159	 0.092645	 0.431359	 0.107578	 0.238270	 0.453522	 0.097781	 0.141345	 0.127553	 0.306470	 0.114712	 0.097876
 44	 0.887048	 0.143790	 0.133003	 0.619268	 0.154441	 0.342065	 0.651085	 0.140376	 0.202918	 0.183118	 0.439974	 0.164683	 0.140513
 45	 1.019409	 0.165246	 0.152849	 0.711672	 0.177486	 0.393106	 0.748236	 0.161323	 0.233196	 0.210441	 0.505624	 0.189256	 0.161480
 46	 1.171469	 0.189895	 0.175648	 0.817828	 0.203961	 0.451744	 0.859846	 0.185386	 0.267981	 0.241832	 0.581046	 0.217486	 0.185567
 47	 1.346156	 0.218212	 0.201840	 0.939781	 0.234375	 0.519107	 0.988065	 0.213031	 0.307941	 0.277893	 0.667690	 0.249918	 0.213238
 48	 1.546836	 0.250742	 0.231930	 1.079880	 0.269315	 0.596494	 1.135362	 0.244789	 0.353848	 0.319321	 0.767227	 0.287174	 0.245027
 49	 1.777371	 0.288111	 0.266496	 1.240822	 0.309453	 0.685393	 1.304573	 0.281271	 0.406585	 0.366911	 0.881572	 0.329974	 0.281545
 50	 2.042198	 0.331040	 0.306204	 1.425703	 0.355561	 0.787516	 1.498953	 0.323180	 0.467165	 0.421581	 1.012925	 0.379140	 0.323495
 51	 2.346411	 0.380353	 0.351817	 1.638081	 0.408527	 0.904828	 1.722243	 0.371322	 0.536756	 0.484381	 1.163814	 0.435618	 0.371684
 52	 2.158247	 0.349851	 0.323604	 1.506719	 0.375766	 0.832267	 1.584132	 0.341545	 0.493712	 0.445537	 1.070485	 0.400684	 0.341877
 53	 2.483080	 0.402507	 0.372309	 1.733493	 0.432322	 0.957530	 1.822556	 0.392951	 0.568020	 0.512594	 1.231602	 0.460991	 0.393333
 54	 2.856713	 0.463073	 0.428331	 1.994334	 0.497374	 1.101611	 2.096800	 0.452078	 0.653491	 0.589725	 1.416923	 0.530357	 0.452518
 55	 3.286461	 0.532734	 0.492767	 2.294350	 0.572196	 1.267331	 2.412230	 0.520087	 0.751798	 0.678440	 1.630077	 0.610140	 0.520592
 56	 3.780726	 0.612855	 0.566876	 2.639408	 0.658251	 1.457931	 2.775016	 0.598305	 0.864864	 0.780473	 1.875231	 0.701902	 0.598887
 57	 4.349166	 0.704999	 0.652107	 3.036248	 0.757221	 1.677134	 3.192245	 0.688261	 0.994898	 0.897819	 2.157175	 0.807434	 0.688930
 58	 5.002869	 0.810964	 0.750122	 3.492612	 0.871035	 1.929216	 3.672057	 0.791710	 1.144437	 1.032766	 2.481411	 0.928796	 0.792480
 59	 5.754572	 0.932815	 0.862831	 4.017393	 1.001912	 2.219089	 4.223799	 0.910668	 1.316394	 1.187943	 2.854254	 1.068352	 0.911554
 60	 6.618895	 1.072921	 0.992427	 4.620796	 1.152397	 2.552391	 4.858204	 1.047448	 1.514113	 1.366370	 3.282956	 1.228816	 1.048467
 61	 7.612618	 1.234004	 1.141424	 5.314536	 1.325411	 2.935592	 5.587587	 1.204706	 1.741433	 1.571509	 3.775840	 1.413303	 1.205878
 62	 8.754989	 1.419182	 1.312709	 6.112050	 1.524306	 3.376116	 6.426076	 1.385488	 2.002758	 1.807334	 4.342453	 1.625387	 1.386836
 63	 10.068079	 1.632033	 1.509592	 7.028747	 1.752925	 3.882472	 7.389871	 1.593286	 2.303135	 2.078401	 4.993743	 1.869166	 1.594836
 64	 11.577186	 1.876659	 1.735865	 8.082287	 2.015671	 4.464417	 8.497540	 1.832104	 2.648353	 2.389933	 5.742256	 2.149336	 1.833886
 65	 13.311283	 2.157756	 1.995873	 9.292899	 2.317590	 5.133123	 9.770351	 2.106527	 3.045038	 2.747911	 6.602364	 2.471276	 2.108576
 66	 15.303537	 2.480699	 2.294588	 10.683734	 2.664455	 5.901379	 11.232645	 2.421803	 3.500778	 3.159181	 7.590516	 2.841143	 2.424159
 67	 17.591879	 2.851639	 2.637699	 12.281276	 3.062872	 6.783814	 12.912266	 2.783937	 4.024251	 3.631575	 8.725529	 3.265980	 2.786645
 68	 20.219657	 3.277601	 3.031704	 14.115786	 3.520387	 7.797143	 14.841029	 3.199786	 4.625371	 4.174039	 10.028900	 3.753834	 3.202898
 69	 23.236351	 3.766607	 3.484022	 16.221806	 4.045615	 8.960446	 17.055253	 3.677181	 5.315458	 4.796790	 11.525173	 4.313891	 3.680758
 70	 26.698376	 4.327800	 4.003112	 18.638721	 4.648378	 10.295479	 19.596345	 4.225051	 6.107418	 5.511472	 13.242328	 4.956626	 4.229161
 71	 30.669963	 4.971593	 4.598606	 21.411373	 5.339860	 11.827010	 22.511451	 4.853559	 7.015943	 6.331345	 15.212226	 5.693962	 4.858281
 72	 35.224127	 5.709822	 5.281450	 24.590735	 6.132772	 13.583195	 25.854162	 5.574261	 8.057736	 7.271483	 17.471080	 6.539455	 5.579684
 73	 40.443710	 6.555915	 6.064066	 28.234641	 7.041539	 15.595981	 29.685285	 6.400267	 9.251748	 8.348986	 20.059981	 7.508484	 6.406493
 74	 46.422502	 7.525076	 6.960517	 32.408567	 8.082489	 17.901535	 34.073659	 7.346418	 10.619433	 9.583217	 23.025447	 8.618463	 7.353564
 75	 53.266424	 8.634474	 7.986684	 37.186458	 9.274065	 20.540701	 39.097031	 8.429477	 12.185023	 10.996040	 26.420015	 9.889056	 8.437677
 76	 61.094744	 9.903443	 9.160450	 42.651580	 10.637031	 23.559473	 44.842940	 9.668318	 13.975799	 12.612077	 30.302843	 11.342405	 9.677723
 77	 70.041308	 11.353679	 10.501883	 48.897373	 12.194692	 27.009464	 51.409630	 11.084123	 16.022381	 14.458958	 34.740316	 13.003359	 11.094905
 78	 80.255724	 13.009433	 12.033417	 56.028281	 13.973095	 30.948367	 58.906911	 12.700567	 18.358991	 16.567569	 39.806642	 14.899693	 12.712922
 79	 91.904448	 14.897688	 13.780008	 64.160510	 16.001221	 35.440370	 67.456959	 14.543992	 21.023708	 18.972270	 45.584380	 17.062310	 14.558140
 80	 105.171668	 17.048301	 15.769274	 73.422647	 18.311139	 40.556501	 77.194968	 16.643546	 24.058667	 21.711085	 52.164888	 19.525405	 16.659736
 81	 120.259890	 19.494099	 18.031578	 83.956066	 20.938106	 46.374850	 88.269575	 19.031276	 27.510190	 24.825818	 59.648609	 22.326574	 19.049789
 82	 137.390069	 22.270896	 20.600050	 95.915019	 23.920592	 52.980623	 100.842957	 21.742148	 31.428824	 28.362082	 68.145136	 25.506839	 21.763298
 83	 156.801098	 25.417419	 23.510509	 109.466284	 27.300191	 60.465941	 115.090461	 24.813967	 35.869217	 32.369192	 77.772958	 29.110549	 24.838105
 84	 178.748445	 28.975079	 26.801260	 124.788208	 31.121381	 68.929319	 131.199598	 28.287162	 40.889808	 36.899887	 88.658789	 33.185133	 28.314678
 85	 203.501672	 32.987571	 30.512720	 142.068978	 35.431095	 78.474706	 149.368223	 32.204390	 46.552261	 42.009813	 100.936328	 37.780637	 32.235718
 86	 231.340537	 37.500244	 34.686835	 161.503900	 40.278040	 89.209982	 169.801675	 36.609925	 52.920572	 47.756721	 114.744336	 42.948997	 36.645538
 87	 262.549363	 42.559187	 39.366238	 183.291466	 45.711719	 101.244790	 192.708646	 41.548760	 60.059784	 54.199307	 130.223837	 48.743001	 41.589177
 88	 297.409358	 48.209984	 44.593090	 207.627992	 51.781094	 114.687568	 218.295538	 47.065397	 68.034222	 61.395620	 147.514309	 55.214853	 47.111181
 89	 336.188567	 54.496084	 50.407584	 234.700608	 58.532831	 129.641681	 246.759096	 53.202255	 76.905205	 69.400996	 166.748701	 62.414318	 53.254008
 90	 379.129262	 61.456760	 56.846044	 264.678449	 66.009113	 146.200554	 278.277143	 59.997673	 86.728153	 78.265446	 188.047180	 70.386375	 60.056036
 91	 426.432658	 69.124629	 63.938640	 297.701986	 74.244972	 164.441781	 312.997370	 67.483493	 97.549096	 88.030510	 211.509548	 79.168378	 67.549139
 92	 478.241089	 77.522763	 71.706715	 333.870588	 83.265190	 184.420248	 351.024248	 75.682241	 109.400594	 98.725570	 237.206402	 88.786754	 75.755862
 93	 534.618048	 86.661454	 80.159787	 373.228579	 93.080821	 206.160439	 392.404380	 84.603964	 122.297171	 110.363732	 265.169235	 99.253289	 84.686264
 94	 595.526867	 96.534758	 89.292360	 415.750360	 103.685481	 229.648214	 437.110853	 94.242860	 136.230438	 122.937427	 295.379859	 110.561176	 94.334536
 95	 660.809257	 107.117018	 99.080698	 461.325428	 115.051612	 254.822535	 485.027484	 104.573879	 151.164187	 136.413980	 327.759764	 122.681029	 104.675604
 96	 730.165349	 118.359623	 109.479841	 509.744437	 127.127003	 281.567765	 535.934173	 115.549566	 167.029820	 150.731486	 362.160215	 135.557175	 115.661968
 97	 803.137286	 130.188356	 120.421139	 560.687745	 139.831938	 309.707343	 589.494855	 127.097465	 183.722599	 165.795428	 398.354115	 149.104613	 127.221100
 98	 879.098658	 142.501676	 131.810667	 613.718044	 153.057356	 338.999714	 645.249754	 139.118445	 201.099231	 181.476493	 436.030769	 163.207048	 139.253775
 99	 957.252119	 155.170333	 143.528874	 668.278689	 166.664432	 369.137401	 702.613625	 151.486327	 218.977317	 197.610082	 474.794693	 177.716450	 151.633687
100	 1036.637157	 168.038628	 155.431741	 723.699124	 180.485934	 399.750012	 760.881460	 164.049107	 237.137133	 213.997911	 514.169476	 192.454497	 164.208688
101	 1116.149376	 180.927539	 167.353678	 779.208347	 194.329579	 430.411667	 819.242645	 176.632013	 255.326043	 230.411994	 553.607341	 207.216156	 176.803834
102	 1194.571571	 193.639758	 179.112178	 833.956600	 207.983443	 460.652984	 876.803764	 189.042422	 273.265603	 246.601059	 592.504557	 221.775449	 189.226316
103	 1270.615596	 205.966475	 190.514100	 887.044601	 221.223251	 489.977227	 932.619329	 201.076483	 290.661142	 262.299186	 630.222206	 235.893228	 201.272083
104	 1342.972671	 217.695539	 201.363205	 937.558661	 233.821135	 517.879701	 985.728709	 212.527079	 307.213268	 277.236199	 666.111137	 249.326515	 212.733817
105	 1410.368573	 228.620398	 211.468441	 984.609218	 245.555243	 543.869039	 1035.196637	 223.192564	 322.630496	 291.149054	 699.539338	 261.838747	 223.409677
106	 1471.619332	 238.549131	 220.652283	 1027.369715	 256.219437	 567.488674	 1080.154091	 232.885572	 336.641984	 303.793338	 729.919564	 273.210116	 233.112114
107	 1525.682801	 247.312806	 228.758474	 1065.112608	 265.632273	 588.336733	 1119.836145	 241.441182	 349.009335	 314.953916	 756.734912	 283.247146	 241.676047
108	 1571.701876	 254.772487	 235.658502	 1097.239533	 273.644523	 606.082697	 1153.613692	 248.723757	 359.536482	 324.453851	 779.560259	 291.790712	 248.965707
109	 1609.036053	 260.824348	 241.256329	 1123.303340	 280.144670	 620.479574	 1181.016610	 254.631937	 368.076905	 332.160922	 798.077919	 298.721903	 254.879633
110	 1637.279395	 265.402587	 245.491092	 1143.020637	 285.062037	 631.370826	 1201.746945	 259.101481	 374.537743	 337.991328	 812.086547	 303.965356	 259.353525
111	 1656.264441	 268.480058	 248.337680	 1156.274514	 288.367470	 638.691876	 1215.681782	 262.105888	 378.880690	 341.910501	 821.503084	 307.489981	 262.360854
112	 1666.053029	 270.066786	 249.805365	 1163.108141	 290.071733	 642.466570	 1222.866509	 263.654944	 381.119889	 343.931206	 826.358199	 309.307259	 263.911417
113	 1666.916080	 270.206686	 249.934769	 1163.710656	 290.221996	 642.799381	 1223.499980	 263.791523	 381.317318	 344.109369	 826.786270	 309.467486	 264.048129
114	 1659.305149	 268.972956	 248.793598	 1158.397298	 288.896879	 639.864439	 1217.913631	 262.587083	 379.576270	 342.538209	 823.011267	 308.054497	 262.842518
115	 1643.818759	 266.462616	 246.471593	 1147.585910	 286.200587	 633.892548	 1206.546774	 260.136343	 376.033663	 339.341280	 815.330055	 305.179406	 260.389394
116	 1621.166492	 262.790689	 243.075148	 1131.771866	 282.256666	 625.157337	 1189.920233	 256.551594	 370.851818	 334.665066	 804.094587	 300.973952	 256.801158
117	 1592.133387	 258.084430	 238.721970	 1111.503219	 277.201795	 613.961535	 1168.610220	 251.957069	 364.210316	 328.671624	 789.694238	 295.583877	 252.202164
118	 1557.546664	 252.477931	 233.536092	 1087.357470	 271.180000	 600.624137	 1143.223906	 246.483678	 356.298390	 321.531724	 772.539309	 289.162758	 246.723448
119	 1518.246189	 246.107333	 227.643440	 1059.920946	 264.337506	 585.469012	 1114.377745	 240.264329	 347.308165	 313.418741	 753.046370	 281.866518	 240.498049
120	 1475.059495	 239.106781	 221.168095	 1029.771368	 256.818394	 568.815276	 1082.679137	 233.429982	 337.428942	 304.503507	 731.625876	 273.848792	 233.657054
121	 1428.781709	 231.605163	 214.229277	 997.463832	 248.761101	 550.969548	 1048.711698	 226.106465	 326.842614	 294.950165	 708.672209	 265.257195	 226.326413
122	 1380.160307	 223.723646	 206.939061	 963.520165	 240.295768	 532.220069	 1013.024068	 218.412068	 315.720169	 284.913019	 684.556113	 256.230500	 218.624531
123	 1329.884360	 215.573927	 199.400765	 928.421424	 231.542366	 512.832562	 976.122018	 210.455838	 304.219236	 274.534318	 659.619367	 246.896635	 210.660561
124	 1278.577761	 207.257140	 191.707934	 892.603163	 222.609521	 493.047612	 938.463480	 202.336505	 292.482536	 263.942854	 634.171420	 237.371425	 202.533331
125	 1226.795821	 198.863301	 183.943832	 856.453056	 213.593915	 473.079362	 900.456046	 194.141950	 280.637098	 253.253263	 608.487706	 227.757968	 194.330804
126	 1175.024618	 190.471201	 176.181339	 820.310444	 204.580179	 453.115251	 862.456493	 185.949093	 268.794117	 242.565889	 582.809317	 218.146504	 186.129977
127	 1123.682482	 182.148654	 168.483180	 784.467373	 195.641146	 433.316598	 824.771871	 177.824137	 257.049287	 231.967089	 557.343743	 208.614697	 177.997117
128	 1073.123083	 173.952987	 160.902383	 749.170748	 186.838394	 413.819785	 787.661770	 169.823049	 245.483513	 221.529873	 532.266406	 199.228208	 169.988247
129	 1023.639636	 165.931733	 153.482913	 714.625269	 178.222972	 394.737883	 751.341408	 161.992233	 234.163870	 211.314771	 507.722738	 190.041472	 162.149813
130	 975.469824	 158.123418	 146.260408	 680.996868	 169.836264	 376.162548	 715.985241	 154.369301	 223.144729	 201.370849	 483.830630	 181.098616	 154.519466
131	 928.801112	 150.558432	 139.262975	 648.416417	 161.710908	 358.166069	 681.730866	 146.983920	 212.468974	 191.736806	 460.683064	 172.434443	 147.126900
132	 883.776189	 143.259902	 132.512009	 616.983531	 153.871747	 340.803472	 648.683015	 139.858670	 202.169245	 182.442098	 438.350813	 164.075444	 139.994720
133	 840.498353	 136.244576	 126.022998	 586.770325	 146.336767	 324.114590	 616.917511	 133.009900	 192.269174	 173.508050	 416.885113	 156.040797	 133.139287
134	 799.036694	 129.523651	 119.806302	 557.825032	 139.117996	 308.126065	 586.485061	 126.448541	 182.784564	 164.948923	 396.320232	 148.343327	 126.571545
135	 759.430958	 123.103571	 113.867881	 530.175400	 132.222354	 292.853225	 557.414841	 120.180884	 173.724508	 156.772924	 376.675885	 140.990415	 120.297792
136	 721.696069	 116.986755	 108.209971	 503.831846	 125.652441	 278.301825	 529.717804	 114.209292	 165.092420	 148.983132	 357.959473	 133.984831	 114.320390
137	 685.826223	 111.172262	 102.831703	 478.790321	 119.407244	 264.469626	 503.389691	 108.532844	 156.886972	 141.578351	 340.168118	 127.325497	 108.638421
138	 651.798590	 105.656391	 97.729653	 455.034884	 113.482790	 251.347825	 478.413744	 103.147930	 149.102941	 134.553865	 323.290495	 121.008174	 103.248268
139	 619.576589	 100.433212	 92.898337	 432.539998	 107.872710	 238.922314	 454.763112	 98.048758	 141.731960	 127.902125	 307.308462	 115.026072	 98.144136
140	 589.112770	 95.495035	 88.330640	 411.272539	 102.568741	 227.174798	 432.402969	 93.227821	 134.763174	 121.613335	 292.198483	 109.370382	 93.318510
141	 560.351327	 90.832812	 84.018195	 391.193545	 97.561169	 216.083755	 411.292354	 88.676288	 128.183817	 115.675974	 277.932878	 104.030742	 88.762549
142	 533.230251	 86.436492	 79.951703	 372.259727	 92.839196	 205.625274	 391.385751	 84.384344	 121.979703	 110.077242	 264.480891	 98.995641	 84.466430
143	 507.683172	 82.295317	 76.121214	 354.424751	 88.391267	 195.773760	 372.634446	 80.341487	 116.135652	 104.803438	 251.809603	 94.252756	 80.419640
144	 483.640909	 78.398072	 72.516356	 337.640321	 84.205337	 186.502537	 354.987663	 76.536770	 110.635836	 99.840280	 239.884700	 89.789245	 76.611222
145	 461.032770	 74.733298	 69.126527	 321.857083	 80.269098	 177.784343	 338.393511	 72.959004	 105.464085	 95.173175	 228.671119	 85.591983	 73.029976
146	 439.787616	 71.289464	 65.941062	 307.025375	 76.570165	 169.591745	 322.799777	 69.596932	 100.604125	 90.787437	 218.133574	 81.647762	 69.664633
147	 419.834728	 68.055106	 62.949357	 293.095827	 73.096225	 161.897474	 308.154554	 66.439363	 96.039779	 86.668468	 208.236991	 77.943455	 66.503992
148	 401.104508	 65.018942	 60.140978	 280.019850	 69.835160	 154.674691	 294.406757	 63.475282	 91.755126	 82.801901	 198.946848	 74.466139	 63.537029
149	 383.529024	 62.169960	 57.505737	 267.750019	 66.775143	 147.897199	 281.506525	 60.693940	 87.734626	 79.173710	 190.229451	 71.203202	 60.752981
150	 367.042427	 59.497487	 55.033763	 256.240364	 63.904708	 141.539606	 269.405525	 58.084916	 83.963215	 75.770304	 182.052140	 68.142421	 58.141419
151	 351.581263	 56.991236	 52.715540	 245.446587	 61.212809	 135.577442	 258.057184	 55.638168	 80.426379	 72.578583	 174.383441	 65.272014	 55.692291
152	 337.084700	 54.641347	 50.541948	 235.326218	 58.688854	 129.987249	 247.416849	 53.344069	 77.110201	 69.585989	 167.193181	 62.580688	 53.395960
153	 323.494663	 52.438405	 48.504280	 225.838716	 56.322732	 124.746634	 237.441896	 51.193429	 74.001396	 66.780533	 160.452556	 60.057661	 51.243228
154	 310.755929	 50.373460	 46.594254	 216.945526	 54.104827	 119.834298	 228.091790	 49.177508	 71.087332	 64.150816	 154.134175	 57.692680	 49.225346
155	 298.816151	 48.438024	 44.804023	 208.610105	 52.026026	 115.230058	 219.328111	 47.288024	 68.356034	 61.686031	 148.212075	 55.476028	 47.334024
156	 287.625854	 46.624080	 43.126167	 200.797914	 50.077716	 110.914834	 211.114543	 45.517146	 65.796185	 59.375965	 142.661715	 53.398519	 45.561423
157	 277.138394	 44.924065	 41.553694	 193.476388	 48.251774	 106.870640	 203.416851	 43.857492	 63.397114	 57.210989	 137.459961	 51.451494	 43.900155
158	 267.309894	 43.330868	 40.080024	 186.614897	 46.540562	 103.080555	 196.202829	 42.302120	 61.148784	 55.182046	 132.585049	 49.626806	 42.343270
159	 258.099158	 41.837810	 38.698981	 180.184680	 44.936907	 99.528693	 189.442239	 40.844510	 59.041772	 53.280630	 128.016547	 47.916808	 40.884242
160	 249.467571	 40.438632	 37.404774	 174.158780	 43.434086	 96.200164	 183.106739	 39.478550	 57.067243	 51.498770	 123.735301	 46.314330	 39.516954
161	 241.378995	 39.127476	 36.191986	 168.511968	 42.025807	 93.081032	 177.169804	 38.198523	 55.216931	 49.829007	 119.723387	 44.812664	 38.235681
162	 233.799652	 37.898866	 35.055551	 163.220662	 40.706189	 90.158271	 171.606641	 36.999083	 53.483110	 48.264368	 115.964051	 43.405539	 37.035074
163	 226.698004	 36.747691	 33.990741	 158.262846	 39.469742	 87.419720	 166.394101	 35.875238	 51.858564	 46.798341	 112.441651	 42.087099	 35.910136
164	 220.044638	 35.669182	 32.993146	 153.617985	 38.311343	 84.854036	 161.510596	 34.822335	 50.336566	 45.424855	 109.141598	 40.851883	 34.856209
165	 213.812143	 34.658896	 32.058656	 149.266944	 37.226221	 82.450649	 156.936006	 33.836035	 48.910844	 44.138252	 106.050296	 39.694804	 33.868949
166	 207.974995	 33.712696	 31.183443	 145.191903	 36.209932	 80.199717	 152.651598	 32.912299	 47.575561	 42.933262	 103.155085	 38.611121	 32.944315
167	 202.509444	 32.826731	 30.363947	 141.376282	 35.258341	 78.092081	 148.639937	 32.047369	 46.325282	 41.804982	 100.444186	 37.596427	 32.078543
168	 197.393401	 31.997422	 29.596855	 137.804661	 34.367601	 76.119223	 144.884812	 31.237749	 45.154956	 40.748853	 97.906641	 36.646620	 31.268136
169	 192.606334	 31.221439	 28.879090	 134.462704	 33.534139	 74.273224	 141.371151	 30.480190	 44.059885	 39.760636	 95.532267	 35.757888	 30.509840
170	 188.129165	 30.495691	 28.207790	 131.337094	 32.754631	 72.546730	 138.084954	 29.771672	 43.035705	 38.836393	 93.311602	 34.926689	 29.800633
171	 183.944177	 29.817306	 27.580300	 128.415463	 32.025995	 70.932907	 135.013214	 29.109393	 42.078363	 37.972466	 91.235859	 34.149735	 29.137709
172	 180.034922	 29.183617	 26.994152	 125.686326	 31.345366	 69.425413	 132.143859	 28.490748	 41.184097	 37.165460	 89.296878	 33.423971	 28.518463
173	 176.386132	 28.592149	 26.447059	 123.139026	 30.710086	 68.018359	 129.465683	 27.913323	 40.349414	 36.412223	 87.487087	 32.746563	 27.940476
174	 172.983644	 28.040606	 25.936895	 120.763674	 30.117688	 66.706285	 126.968290	 27.374875	 39.571074	 35.709832	 85.799461	 32.114882	 27.401504
175	 169.814318	 27.526859	 25.461691	 118.551098	 29.565886	 65.484123	 124.642036	 26.873325	 38.846071	 35.055573	 84.227483	 31.526488	 26.899466
176	 166.865971	 27.048933	 25.019621	 116.492792	 29.052557	 64.347176	 122.477979	 26.406745	 38.171618	 34.446931	 82.765111	 30.979120	 26.432433
177	 164.127309	 26.604996	 24.608990	 114.580872	 28.575737	 63.291088	 120.467828	 25.973349	 37.545133	 33.881577	 81.406741	 30.470680	 25.998615
178	 161.587864	 26.193353	 24.228230	 112.808030	 28.133601	 62.311823	 118.603900	 25.571478	 36.964219	 33.357347	 80.147182	 29.999225	 25.596353
179	 159.237939	 25.812431	 23.875886	 111.167496	 27.724463	 61.405640	 116.879078	 25.199600	 36.426659	 32.872241	 78.981626	 29.562955	 25.224113
180	 157.068553	 25.460774	 23.550611	 109.653000	 27.346757	 60.569077	 115.286770	 24.856292	 35.930399	 32.424404	 77.905615	 29.160202	 24.880471
181	 155.071390	 25.137034	 23.251160	 108.258737	 26.999037	 59.798928	 113.820873	 24.540239	 35.473535	 32.012121	 76.915028	 28.789424	 24.564110
182	 153.238756	 24.839965	 22.976378	 106.979335	 26.679962	 59.092224	 112.475737	 24.250222	 35.054309	 31.633801	 76.006046	 28.449190	 24.273812
183	 151.563533	 24.568411	 22.725197	 105.809825	 26.388294	 58.446221	 111.246140	 23.985116	 34.671091	 31.287977	 75.175139	 28.138181	 24.008448
184	 150.039140	 24.321308	 22.496632	 104.745613	 26.122886	 57.858381	 110.127251	 23.743879	 34.322377	 30.973289	 74.419044	 27.855173	 23.766976
185	 148.659498	 24.097668	 22.289771	 103.782454	 25.882680	 57.326361	 109.114607	 23.525549	 34.006775	 30.688483	 73.734745	 27.599038	 23.548433
186	 147.418991	 23.896582	 22.103771	 102.916429	 25.666699	 56.847995	 108.204087	 23.329237	 33.723002	 30.432399	 73.119456	 27.368735	 23.351931
187	 146.312441	 23.717211	 21.937857	 102.143922	 25.474041	 56.421285	 107.391890	 23.154124	 33.469872	 30.203969	 72.570610	 27.163301	 23.176647
188	 145.335073	 23.558780	 21.791312	 101.461600	 25.303874	 56.044390	 106.674512	 22.999454	 33.246293	 30.002206	 72.085838	 26.981850	 23.021827
189	 144.482489	 23.420576	 21.663477	 100.866393	 25.155433	 55.715615	 106.048723	 22.864532	 33.051259	 29.826203	 71.662959	 26.823565	 22.886774
190	 143.750643	 23.301944	 21.553745	 100.355475	 25.028014	 55.433399	 105.511556	 22.748716	 32.883845	 29.675125	 71.299965	 26.687696	 22.770845
191	 143.135819	 23.202281	 21.461559	 99.926253	 24.920968	 55.196309	 105.060281	 22.651420	 32.743200	 29.548204	 70.995014	 26.573553	 22.673454
192	 142.634605	 23.121034	 21.386408	 99.576344	 24.833703	 55.003030	 104.692394	 22.572102	 32.628544	 29.444736	 70.746412	 26.480501	 22.594059
193	 142.243875	 23.057697	 21.327822	 99.303567	 24.765675	 54.852356	 104.405603	 22.510268	 32.539162	 29.364076	 70.552612	 26.407961	 22.532166
194	 141.960771	 23.011806	 21.285374	 99.105926	 24.716384	 54.743185	 104.197807	 22.465467	 32.474401	 29.305633	 70.412193	 26.355402	 22.487320
195	 141.782683	 22.982938	 21.258672	 98.981599	 24.685378	 54.674510	 104.067092	 22.437284	 32.433662	 29.268870	 70.323861	 26.322339	 22.459110
196	 141.707232	 22.970707	 21.247359	 98.928925	 24.672241	 54.645415	 104.011712	 22.425344	 32.416402	 29.253294	 70.286438	 26.308332	 22.447158
197	 141.732256	 22.974764	 21.251111	 98.946395	 24.676598	 54.655065	 104.030080	 22.429304	 32.422126	 29.258460	 70.298850	 26.312977	 22.451123
198	 141.855796	 22.994790	 21.269634	 99.032641	 24.698107	 54.702705	 104.120757	 22.448854	 32.450387	 29.283963	 70.360125	 26.335913	 22.470692
199	 142.076077	 23.030497	 21.302663	 99.186424	 24.736460	 54.787650	 104.282441	 22.483714	 32.500777	 29.329436	 70.469384	 26.376809	 22.505585
200	 142.391501	 23.081627	 21.349957	 99.406628	 24.791377	 54.909284	 104.513959	 22.533630	 32.572933	 29.394551	 70.625834	 26.435368	 22.555550
